1	3	19100002	+
1	3	19100693	+
2	3	19100699	+
1	3	19100875	+
1	3	19100964	+
1	3	19101080	+
1	3	19101267	+
1	3	19101288	+
1	3	19101403	+
1	3	19101427	+
1	3	19101496	+
1	3	19101511	+
8	3	19101809	+
1	3	19101810	+
8	3	19101812	+
1	3	19101815	+
1	3	19101848	+
1	3	19101860	+
1	3	19101896	+
1	3	19101959	+
2	3	19101977	+
1	3	19101989	+
3	3	19102058	+
1	3	19102166	+
1	3	19102181	+
1	3	19102227	+
1	3	19102267	+
1	3	19102289	+
2	3	19102328	+
1	3	19102406	+
1	3	19102442	+
1	3	19102550	+
2	3	19102553	+
1	3	19102556	+
1	3	19102598	+
1	3	19102628	+
1	3	19102674	+
1	3	19102706	+
1	3	19102787	+
1	3	19102790	+
2	3	19102817	+
1	3	19102837	+
1	3	19102853	+
2	3	19102865	+
1	3	19102934	+
1	3	19102985	+
1	3	19103090	+
1	3	19103431	+
1	3	19103434	+
1	3	19103449	+
1	3	19103474	+
2	3	19103582	+
1	3	19103743	+
1	3	19103752	+
1	3	19103762	+
1	3	19103767	+
2	3	19103800	+
1	3	19103830	+
1	3	19103917	+
3	3	19103959	+
3	3	19103968	+
1	3	19103979	+
1	3	19104019	+
1	3	19104025	+
1	3	19104037	+
1	3	19104043	+
1	3	19104262	+
2	3	19104322	+
1	3	19104334	+
1	3	19104355	+
1	3	19104462	+
1	3	19104487	+
1	3	19104514	+
2	3	19104595	+
1	3	19104646	+
1	3	19105152	-
1	3	19105843	-
1	3	19106242	-
1	3	19106878	-
2	3	19108150	+
10	3	19108353	+
1	3	19108362	+
1	3	19108365	+
1	3	19108373	+
1	3	19108379	+
1	3	19108380	+
4	3	19108386	+
4	3	19108389	+
1	3	19108391	+
2	3	19108392	+
3	3	19108398	+
1	3	19108400	+
5	3	19108401	+
1	3	19108404	+
1	3	19108407	+
1	3	19108422	+
3	3	19108425	+
1	3	19108431	+
2	3	19108434	+
4	3	19108437	+
5	3	19108440	+
6	3	19108449	+
1	3	19108460	+
4	3	19108461	+
3	3	19108464	+
4	3	19108467	+
2	3	19108470	-
1	3	19108473	+
2	3	19108479	-
2	3	19108482	+
9	3	19108491	+
1	3	19108495	+
1	3	19108496	+
12	3	19108497	+
2	3	19108499	+
2	3	19108500	+
4	3	19108509	+
4	3	19108512	+
3	3	19108515	+
1	3	19108518	+
2	3	19108521	+
2	3	19108522	+
2	3	19108530	+
10	3	19108533	+
2	3	19108536	+
1	3	19108537	+
1	3	19108539	+
1	3	19108542	+
1	3	19108548	+
2	3	19108551	+
28	3	19108554	+
1	3	19108555	+
1	3	19108556	+
5	3	19108557	+
1	3	19108559	+
3	3	19108560	+
1	3	19108565	+
38	3	19108566	+
4	3	19108567	+
4	3	19108569	+
2	3	19108572	+
1	3	19108581	+
2	3	19108584	+
2	3	19108587	+
1	3	19108590	+
2	3	19108593	+
1	3	19108596	+
2	3	19108635	+
1	3	19108638	+
5	3	19108644	+
1	3	19108647	+
2	3	19108653	+
6	3	19108656	+
4	3	19108657	+
1	3	19108658	+
3	3	19108659	+
1	3	19108662	+
7	3	19108665	+
2	3	19108668	+
7	3	19108671	+
1	3	19108676	+
1	3	19108689	+
2	3	19108692	+
3	3	19108954	+
1	3	19109067	+
2	3	19109118	+
1	3	19109119	+
3	3	19109121	+
6	3	19109127	+
1	3	19109129	+
4	3	19109130	+
1	3	19109133	+
3	3	19109136	+
11	3	19109139	+
3	3	19109140	+
1	3	19109141	+
1	3	19109142	+
1	3	19109144	+
7	3	19109145	+
3	3	19109148	+
9	3	19109151	+
1	3	19109152	+
6	3	19109157	+
1	3	19109158	+
2	3	19109160	+
5	3	19109163	+
3	3	19109164	+
2	3	19109166	+
1	3	19109168	+
1	3	19109170	+
1	3	19109175	+
2	3	19109176	+
1	3	19109180	+
7	3	19109181	+
3	3	19109182	+
1	3	19109184	+
1	3	19109188	+
3	3	19109190	+
6	3	19109193	+
3	3	19109196	+
2	3	19109199	+
1	3	19109200	+
6	3	19109202	+
9	3	19109205	+
1	3	19109206	+
1	3	19109207	+
21	3	19109211	+
4	3	19109214	+
2	3	19109215	+
1	3	19109227	+
2	3	19109238	+
2	3	19109246	+
6	3	19109247	+
2	3	19109248	+
16	3	19109250	+
1	3	19109253	+
2	3	19109254	+
3	3	19109256	+
9	3	19109258	+
5	3	19109259	+
4	3	19109260	+
23	3	19109261	+
29	3	19109262	+
2	3	19109263	+
1	3	19109264	+
1	3	19109265	+
7	3	19109268	+
1	3	19109271	+
3	3	19109277	+
1	3	19109292	+
2	3	19109295	+
4	3	19109301	+
13	3	19109307	+
4	3	19109308	+
2	3	19109309	+
13	3	19109310	+
2	3	19109312	+
53	3	19109313	+
6	3	19109314	+
6	3	19109315	+
40	3	19109316	+
2	3	19109318	+
42	3	19109319	+
2	3	19109321	+
13	3	19109322	+
1	3	19109323	+
2	3	19109325	+
2	3	19109327	+
8	3	19109328	+
10	3	19109331	+
15	3	19109334	+
5	3	19109335	+
5	3	19109336	+
57	3	19109337	+
3	3	19109338	+
3	3	19109340	+
6	3	19109343	+
8	3	19109346	+
1	3	19109348	+
2	3	19109351	+
5	3	19109352	+
5	3	19109364	+
1	3	19109366	+
51	3	19109367	+
1	3	19109368	+
1	3	19109370	+
1	3	19109373	+
1	3	19109376	+
3	3	19109379	+
1	3	19109382	+
5	3	19109385	+
10	3	19109388	+
32	3	19109394	+
1	3	19109395	+
3	3	19109397	+
3	3	19109400	+
2	3	19109402	+
10	3	19109403	+
1	3	19109406	+
4	3	19109409	+
13	3	19109412	+
1	3	19109413	+
9	3	19109415	+
1	3	19109417	+
13	3	19109418	+
1	3	19109419	+
10	3	19109421	+
1	3	19109422	+
10	3	19109423	+
12	3	19109424	+
3	3	19109426	+
16	3	19109427	+
3	3	19109439	+
1	3	19109442	+
1	3	19109443	+
1	3	19109444	+
1	3	19109445	+
1	3	19109446	+
8	3	19109448	+
2	3	19109450	+
10	3	19109451	+
7	3	19109454	+
2	3	19109455	+
1	3	19109458	+
2	3	19109459	+
30	3	19109460	+
2	3	19109461	+
12	3	19109466	+
15	3	19109570	+
2	3	19109573	+
7	3	19109576	+
1	3	19109582	+
3	3	19109585	+
1	3	19109587	+
31	3	19109588	+
1	3	19109589	+
1	3	19109590	+
1	3	19109591	+
1	3	19109593	+
15	3	19109594	+
2	3	19109597	+
4	3	19109600	+
1	3	19109603	+
6	3	19109606	+
29	3	19109609	+
1	3	19109612	+
1	3	19109614	+
19	3	19109615	+
2	3	19109616	+
6	3	19109618	+
1	3	19109619	+
1	3	19109620	+
1	3	19109621	+
1	3	19109624	+
4	3	19109627	+
3	3	19109630	+
6	3	19109633	+
1	3	19109635	+
5	3	19109636	+
5	3	19109637	+
4	3	19109639	+
1	3	19109641	+
4	3	19109642	+
1	3	19109645	+
9	3	19109648	+
1	3	19109650	+
3	3	19109651	+
6	3	19109657	+
1	3	19109658	+
2	3	19109660	+
1	3	19109662	+
9	3	19109663	+
7	3	19109669	+
2	3	19109670	+
1	3	19109671	+
1	3	19109672	+
1	3	19109674	+
1	3	19109675	+
4	3	19109676	+
3	3	19109677	+
20	3	19109678	+
10	3	19109684	+
1	3	19109765	+
6	3	19109768	+
5	3	19109771	+
1	3	19109772	+
2	3	19109773	+
2	3	19109774	+
3	3	19109775	+
17	3	19109777	+
2	3	19109778	+
6	3	19109780	+
1	3	19109782	+
10	3	19109783	+
1	3	19109785	+
9	3	19109786	+
5	3	19109789	+
5	3	19109792	+
1	3	19109793	+
38	3	19109795	+
14	3	19109798	+
26	3	19109801	+
31	3	19109804	+
1	3	19109805	+
4	3	19109807	+
1	3	19109809	+
11	3	19109810	+
2	3	19109812	+
5	3	19109813	+
20	3	19109816	+
4	3	19109818	+
11	3	19109819	+
5	3	19109822	+
32	3	19109825	+
12	3	19109828	+
1	3	19109829	+
3	3	19109830	+
13	3	19109831	+
7	3	19109834	+
1	3	19109835	+
11	3	19109837	+
11	3	19109838	+
2	3	19109841	+
1	3	19109862	+
1	3	19110695	+
1	3	19110704	+
1	3	19110738	+
21	3	19110739	+
2	3	19110742	+
3	3	19110751	+
9	3	19110772	+
2	3	19110778	+
2	3	19110781	+
5	3	19110784	+
1	3	19110790	+
3	3	19110796	+
1	3	19110798	+
2	3	19110799	+
2	3	19110802	+
1	3	19110811	+
2	3	19110826	+
1	3	19110829	+
2	3	19110832	+
3	3	19110835	+
6	3	19110836	+
3	3	19110838	+
12	3	19110841	+
1	3	19110856	+
1	3	19110859	+
1	3	19110862	+
3	3	19110868	+
1	3	19110874	+
2	3	19110877	+
2	3	19110880	+
4	3	19110883	+
2	3	19110886	+
6	3	19110974	+
1	3	19110976	+
8	3	19110977	+
2	3	19110978	+
4	3	19110980	+
2	3	19110982	+
4	3	19110983	+
1	3	19110991	+
29	3	19110995	+
1	3	19111001	+
1	3	19111007	+
5	3	19111010	+
1	3	19111011	+
1	3	19111013	+
1	3	19111014	+
6	3	19111016	+
1	3	19111017	+
8	3	19111019	+
6	3	19111022	+
11	3	19111025	+
1	3	19111027	+
1	3	19111029	+
2	3	19111031	+
1	3	19111034	+
2	3	19111040	+
2	3	19111041	+
1	3	19111042	+
2	3	19111043	+
2	3	19111046	+
2	3	19111047	+
9	3	19111049	+
5	3	19111052	+
6	3	19111058	+
1	3	19111060	+
3	3	19111061	+
1	3	19111063	+
5	3	19111064	+
1	3	19111067	+
1	3	19111070	+
1	3	19111073	+
1	3	19111081	+
4	3	19111082	+
14	3	19111085	+
4	3	19111088	+
8	3	19111091	+
1	3	19111092	+
5	3	19111094	+
1	3	19111097	+
1	3	19111099	+
7	3	19111100	+
4	3	19111103	+
5	3	19111106	+
6	3	19111109	+
25	3	19111112	+
1	3	19111115	+
1	3	19111116	+
2	3	19111118	+
1	3	19111124	+
1	3	19111127	+
4	3	19111130	+
1	3	19111131	+
2	3	19111133	+
1	3	19111223	+
5	3	19111232	+
1	3	19111242	+
1	3	19111247	+
4	3	19111256	+
1	3	19111257	+
9	3	19111259	+
5	3	19111262	+
1	3	19111274	+
1	3	19111276	+
2	3	19111283	+
8	3	19111286	+
16	3	19111289	+
1	3	19111290	+
2	3	19111292	+
2	3	19111294	+
1	3	19111295	+
1	3	19111298	+
4	3	19111301	+
2	3	19111305	+
2	3	19111307	+
4	3	19111310	+
2	3	19111315	+
1	3	19111316	+
4	3	19111319	+
3	3	19111325	+
2	3	19111415	+
3	3	19111419	+
1	3	19111424	+
15	3	19111427	+
4	3	19111430	+
3	3	19111433	+
2	3	19111436	+
3	3	19111439	+
1	3	19111441	+
1	3	19111442	+
5	3	19111448	+
1	3	19111460	+
1	3	19111463	+
15	3	19111466	+
1	3	19111468	+
8	3	19111469	+
1	3	19111471	+
2	3	19111472	+
6	3	19111475	+
2	3	19111481	+
3	3	19111487	+
1	3	19111489	+
2	3	19111490	+
3	3	19111493	+
4	3	19111502	+
1	3	19111507	+
2	3	19111508	+
1	3	19111510	+
2	3	19111511	+
2	3	19111517	+
1	3	19111520	+
2	3	19111523	+
1	3	19111526	+
3	3	19111529	+
1	3	19111530	+
2	3	19111532	+
1	3	19111535	+
3	3	19111540	+
17	3	19111541	+
20	3	19111544	+
2	3	19111545	+
1	3	19111546	+
18	3	19111547	+
14	3	19111550	+
4	3	19111553	+
15	3	19111556	+
1	3	19111557	+
3	3	19111559	+
7	3	19111562	+
1	3	19111564	+
11	3	19111565	+
6	3	19111772	+
7	3	19111775	+
11	3	19111781	+
4	3	19111787	+
1	3	19111790	+
4	3	19111802	+
2	3	19111804	+
19	3	19111805	+
1	3	19111806	+
1	3	19111808	+
1	3	19111817	+
1	3	19111820	+
3	3	19111829	+
13	3	19111844	+
2	3	19111847	+
1	3	19111852	+
2	3	19111853	+
1	3	19111856	+
5	3	19112016	+
1	3	19112017	+
1	3	19112024	+
1	3	19112025	+
2	3	19112028	+
5	3	19112031	+
9	3	19112034	+
1	3	19112036	+
10	3	19112037	+
2	3	19112040	+
4	3	19112043	+
1	3	19112046	+
6	3	19112049	+
1	3	19112050	+
12	3	19112052	+
1	3	19112054	+
9	3	19112055	+
17	3	19112058	+
2	3	19112061	+
5	3	19112064	+
8	3	19112067	+
5	3	19112073	+
1	3	19112074	+
1	3	19112075	+
7	3	19112076	+
2	3	19112080	+
12	3	19112082	+
2	3	19112086	+
2	3	19112088	+
4	3	19112100	+
1	3	19112103	+
2	3	19112106	+
3	3	19112112	+
1	3	19112191	+
14	3	19112209	+
3	3	19112211	+
11	3	19112212	+
14	3	19112215	+
2	3	19112218	+
2	3	19112219	+
2	3	19112221	+
2	3	19112222	+
14	3	19112224	+
1	3	19112226	+
8	3	19112227	+
1	3	19112228	+
16	3	19112230	+
4	3	19112233	+
1	3	19112239	+
2	3	19112240	+
1	3	19112247	+
5	3	19112248	+
11	3	19112254	+
1	3	19112255	+
6	3	19112257	+
1	3	19112260	+
1	3	19112263	+
4	3	19112266	+
10	3	19112269	+
23	3	19112275	+
2	3	19112281	+
13	3	19112284	+
2	3	19112287	+
4	3	19112290	+
2	3	19112291	+
5	3	19112293	+
17	3	19112420	+
1	3	19112421	+
11	3	19112423	+
7	3	19112426	+
1	3	19112429	+
11	3	19112432	+
4	3	19112438	+
2	3	19112440	+
5	3	19112441	+
1	3	19112453	+
1	3	19112459	+
2	3	19112462	+
7	3	19112465	+
4	3	19112468	+
3	3	19112471	+
13	3	19112474	+
2	3	19112483	+
1	3	19112486	+
7	3	19112492	+
2	3	19112493	+
3	3	19112495	+
1	3	19112501	+
8	3	19112504	+
7	3	19112507	+
4	3	19112510	+
1	3	19112511	+
10	3	19112513	+
4	3	19112514	+
1	3	19112540	+
9	3	19112877	-
1	3	19112884	-
1	3	19112889	-
1	3	19112893	-
2	3	19112896	-
2	3	19112944	-
2	3	19112949	-
1	3	19112956	-
1	3	19112973	-
1	3	19112989	-
6	3	19113001	-
1	3	19113022	-
1	3	19113026	-
1	3	19113028	-
6	3	19113031	-
1	3	19113034	-
1	3	19113040	-
1	3	19113091	-
1	3	19113100	-
1	3	19113104	-
3	3	19113124	-
2	3	19113145	-
1	3	19113157	-
1	3	19113166	-
1	3	19113172	-
1	3	19113175	-
2	3	19113181	-
1	3	19113294	-
1	3	19113295	-
1	3	19113303	-
1	3	19113321	-
1	3	19113333	-
1	3	19113342	-
1	3	19113363	-
1	3	19113373	-
1	3	19113378	-
2	3	19113384	-
2	3	19113393	-
1	3	19113417	-
1	3	19113420	-
2	3	19113508	-
1	3	19113538	-
1	3	19113571	-
2	3	19113583	-
2	3	19113589	-
1	3	19113592	-
1	3	19113596	-
1	3	19113599	-
1	3	19113601	-
1	3	19113631	-
1	3	19113652	-
1	3	19113676	-
2	3	19113682	-
2	3	19113685	-
1	3	19113715	-
3	3	19113721	-
2	3	19113736	-
1	3	19113742	-
1	3	19113745	-
4	3	19113748	-
2	3	19113763	-
3	3	19113766	-
2	3	19113772	-
1	3	19113799	-
2	3	19113811	-
1	3	19113820	-
1	3	19113832	-
1	3	19113835	-
3	3	19113871	-
1	3	19113880	-
1	3	19113886	-
1	3	19113889	-
2	3	19113901	-
1	3	19113902	-
3	3	19113903	-
2	3	19113945	-
3	3	19113946	-
1	3	19113949	-
1	3	19113958	-
1	3	19113981	-
2	3	19113985	-
1	3	19113991	-
3	3	19113994	-
1	3	19114027	-
2	3	19114036	-
1	3	19114051	-
1	3	19114054	-
3	3	19114093	-
2	3	19114096	-
2	3	19114111	-
2	3	19114120	-
1	3	19114126	-
1	3	19114132	-
1	3	19114138	-
2	3	19114168	-
2	3	19114174	-
1	3	19114177	-
2	3	19114180	-
2	3	19114182	-
1	3	19114186	-
1	3	19114195	-
1	3	19114204	-
3	3	19114210	-
1	3	19114216	-
1	3	19114217	-
1	3	19114233	-
1	3	19114247	-
1	3	19114267	-
1	3	19114270	-
1	3	19114282	-
1	3	19114306	-
1	3	19114467	-
2	3	19114479	-
1	3	19114489	-
1	3	19114568	-
1	3	19115348	+
3	3	19115357	+
1	3	19115367	+
2	3	19115378	+
1	3	19115381	+
1	3	19115405	+
1	3	19115407	+
1	3	19115408	+
1	3	19115432	+
1	3	19115435	+
1	3	19115441	+
2	3	19115692	+
1	3	19115698	+
1	3	19115713	+
2	3	19115725	+
2	3	19115728	+
1	3	19115746	+
2	3	19115768	+
2	3	19115782	+
1	3	19115892	+
1	3	19115904	+
1	3	19115913	+
1	3	19115941	+
1	3	19115943	+
1	3	19115955	+
1	3	19115970	+
2	3	19116090	+
1	3	19116093	+
1	3	19116162	+
1	3	19116183	+
1	3	19116219	+
1	3	19116228	+
1	3	19116255	+
1	3	19116294	+
2	3	19116306	+
1	3	19116314	+
1	3	19116342	+
1	3	19116349	+
1	3	19116354	+
1	3	19116405	+
2	3	19116414	+
1	3	19116435	+
2	3	19116474	+
2	3	19116480	+
1	3	19116504	+
1	3	19116540	+
1	3	19116555	+
1	3	19116612	+
1	3	19116618	+
2	3	19116684	+
1	3	19116705	+
3	3	19116729	+
1	3	19116735	+
1	3	19116890	+
1	3	19116938	+
2	3	19116941	+
1	3	19116956	+
1	3	19117073	+
2	3	19117085	+
1	3	19117136	+
1	3	19117181	+
21	3	19117881	-
19	3	19117882	-
2	3	19117883	-
33	3	19117885	-
2	3	19117886	-
65	3	19117888	-
13	3	19117889	-
2	3	19117890	-
39	3	19117891	-
1	3	19117892	-
1	3	19117893	-
93	3	19117894	-
2	3	19117895	-
7	3	19117896	-
12	3	19117897	-
1	3	19117899	-
50	3	19117900	-
2	3	19117901	-
3	3	19117903	-
62	3	19117906	-
3	3	19117907	-
1	3	19117908	-
1	3	19117909	-
2	3	19117911	-
18	3	19117912	-
1	3	19117913	-
8	3	19117915	-
16	3	19117918	-
5	3	19117921	-
1	3	19117922	-
14	3	19117923	-
39	3	19117924	-
3	3	19117925	-
42	3	19117927	-
1	3	19117929	-
42	3	19117930	-
1	3	19117931	-
14	3	19117933	-
1	3	19117934	-
17	3	19117936	-
2	3	19117939	-
2	3	19117941	-
13	3	19117942	-
1	3	19117944	-
4	3	19117945	-
1	3	19117946	-
2	3	19117948	-
3	3	19117951	-
1	3	19117952	-
15	3	19117954	-
4	3	19117957	-
1	3	19117959	-
1	3	19117966	-
1	3	19117979	-
2	3	19117981	-
1	3	19117982	-
1	3	19117988	-
5	3	19117990	-
2	3	19117993	-
2	3	19117994	-
1	3	19118005	-
20	3	19118014	-
4	3	19118015	-
8	3	19118017	-
21	3	19118023	-
1	3	19118024	-
9	3	19118026	-
119	3	19118029	-
28	3	19118030	-
2	3	19118031	-
8	3	19118032	-
1	3	19118036	-
14	3	19118038	-
2	3	19118039	-
1	3	19118040	-
4	3	19118041	-
4	3	19118047	-
1	3	19118049	-
8	3	19118050	-
8	3	19118053	-
5	3	19118055	-
9	3	19118056	-
2	3	19118057	-
3	3	19118059	-
4	3	19118062	-
1	3	19118066	-
8	3	19118068	-
8	3	19118071	-
3	3	19118074	-
4	3	19118077	-
1	3	19118078	-
1	3	19118080	-
1	3	19118083	-
2	3	19118089	-
2	3	19118104	-
1	3	19118105	-
1	3	19118113	-
9	3	19118116	-
8	3	19118119	-
42	3	19118122	-
2	3	19118123	-
3	3	19118125	-
4	3	19118128	-
2	3	19118131	-
1	3	19118133	-
41	3	19118134	-
1	3	19118135	-
8	3	19118137	-
1	3	19118139	-
10	3	19118140	-
1	3	19118142	-
3	3	19118143	-
2	3	19118144	-
9	3	19118146	-
17	3	19118149	-
1	3	19118150	-
21	3	19118152	-
3	3	19118154	-
63	3	19118155	-
3	3	19118156	-
12	3	19118158	-
4	3	19118161	-
50	3	19118164	-
2	3	19118165	-
3	3	19118166	-
13	3	19118167	-
1	3	19118168	-
11	3	19118170	-
1	3	19118171	-
1	3	19118172	-
34	3	19118173	-
1	3	19118174	-
12	3	19118176	-
2	3	19118182	-
1	3	19118185	-
21	3	19118188	-
1	3	19118189	-
1	3	19118190	-
26	3	19118191	-
3	3	19118192	-
1	3	19118193	-
16	3	19118194	-
17	3	19118197	-
1	3	19118198	-
1	3	19118199	-
18	3	19118200	-
96	3	19118203	-
12	3	19118204	-
18	3	19118206	-
1	3	19118207	-
1	3	19118208	-
31	3	19118209	-
1	3	19118211	-
20	3	19118212	-
3	3	19118213	-
3	3	19118214	-
23	3	19118215	-
4	3	19118216	-
4	3	19118218	-
5	3	19118221	-
1	3	19118222	-
1	3	19118223	-
26	3	19118224	-
1	3	19118225	-
1	3	19118226	-
19	3	19118227	-
1	3	19118228	-
23	3	19118230	-
1	3	19118231	-
4	3	19118233	-
34	3	19118236	-
2	3	19118237	-
30	3	19118239	-
1	3	19118240	-
1	3	19118241	-
2	3	19118242	-
1	3	19118243	-
1	3	19118245	-
3	3	19118247	-
61	3	19118248	-
2	3	19118254	-
1	3	19118257	-
6	3	19118263	-
1	3	19118266	-
1	3	19118271	-
20	3	19118272	-
1	3	19118273	-
3	3	19118275	-
3	3	19118277	-
26	3	19118278	-
1	3	19118280	-
12	3	19118281	-
2	3	19118282	-
17	3	19118284	-
5	3	19118285	-
6	3	19118286	-
28	3	19118287	-
20	3	19118290	-
6	3	19118293	-
2	3	19118294	-
4	3	19118295	-
5	3	19118296	-
3	3	19118299	-
2	3	19118300	-
4	3	19118301	-
38	3	19118302	-
18	3	19118305	-
9	3	19118308	-
6	3	19118311	-
3	3	19118313	-
11	3	19118314	-
3	3	19118317	-
2	3	19118320	-
2	3	19118323	-
1	3	19118326	-
2	3	19118327	-
5	3	19118329	-
3	3	19118332	-
1	3	19118334	-
30	3	19118335	-
2	3	19118338	-
4	3	19118339	-
24	3	19118341	-
1	3	19118342	-
2	3	19118343	-
18	3	19118344	-
1	3	19118345	-
14	3	19118347	-
8	3	19118350	-
2	3	19118353	-
3	3	19118354	-
2	3	19118355	-
5	3	19118356	-
1	3	19118360	-
7	3	19118362	-
1	3	19118365	-
20	3	19118368	-
1	3	19118369	-
15	3	19118371	-
1	3	19118373	-
28	3	19118374	-
28	3	19118380	-
5	3	19118381	-
3	3	19118382	-
14	3	19118383	-
2	3	19118384	-
1	3	19118385	-
13	3	19118386	-
32	3	19118389	-
3	3	19118390	-
9	3	19118392	-
2	3	19118393	-
7	3	19118395	-
2	3	19118396	-
12	3	19118398	-
1	3	19118399	-
1	3	19118400	-
38	3	19118401	-
1	3	19118402	-
2	3	19118403	-
17	3	19118404	-
20	3	19118407	-
35	3	19118410	-
1	3	19118411	-
4	3	19118412	-
45	3	19118413	-
3	3	19118414	-
1	3	19118415	-
23	3	19118416	-
1	3	19118417	-
2	3	19118419	-
13	3	19118422	-
4	3	19118423	-
10	3	19118424	-
17	3	19118425	-
8	3	19118428	-
1	3	19118429	-
20	3	19118431	-
1	3	19118433	-
16	3	19118434	-
7	3	19118435	-
2	3	19118436	-
11	3	19118437	-
3	3	19118438	-
1	3	19118439	-
36	3	19118440	-
4	3	19118441	-
12	3	19118443	-
1	3	19118444	-
5	3	19118445	-
36	3	19118446	-
2	3	19118447	-
7	3	19118449	-
3	3	19118450	-
1	3	19118451	-
34	3	19118452	-
7	3	19118455	-
2	3	19118458	-
1	3	19118461	-
4	3	19118464	-
2	3	19118466	-
2	3	19118467	-
3	3	19118470	-
3	3	19118473	-
9	3	19118476	-
38	3	19118479	-
4	3	19118480	-
7	3	19118481	-
10	3	19118482	-
13	3	19118485	-
7	3	19118486	-
3	3	19118487	-
15	3	19118488	-
6	3	19118491	-
5	3	19118494	-
2	3	19118495	-
1	3	19118496	-
4	3	19118497	-
1	3	19118503	-
55	3	19118509	-
1	3	19118510	-
1	3	19118512	-
7	3	19118515	-
10	3	19118518	-
1	3	19118519	-
1	3	19118520	-
4	3	19118521	-
12	3	19118524	-
29	3	19118527	-
3	3	19118528	-
11	3	19118530	-
1	3	19118531	-
28	3	19118536	-
42	3	19118539	-
11	3	19118542	-
4	3	19118545	-
3	3	19118557	-
1	3	19118558	-
1	3	19118559	-
37	3	19118560	-
1	3	19118561	-
13	3	19118563	-
2	3	19118564	-
2	3	19118565	-
54	3	19118566	-
1	3	19118567	-
3	3	19118568	-
60	3	19118569	-
8	3	19118570	-
5	3	19118572	-
2	3	19118574	-
26	3	19118575	-
1	3	19118576	-
1	3	19118577	-
70	3	19118578	-
8	3	19118579	-
54	3	19118581	-
1	3	19118583	-
5	3	19118584	-
43	3	19118587	-
7	3	19118588	-
20	3	19118590	-
1	3	19118591	-
5	3	19118593	-
10	3	19118596	-
2	3	19118598	-
14	3	19118599	-
1	3	19118601	-
12	3	19118602	-
17	3	19118605	-
7	3	19118608	-
2	3	19118609	-
1	3	19118610	-
6	3	19118611	-
17	3	19118614	-
2	3	19118615	-
12	3	19118617	-
2	3	19118619	-
2	3	19118620	-
1	3	19118621	-
3	3	19118622	-
4	3	19118623	-
2	3	19118625	-
5	3	19118626	-
1	3	19118629	-
2	3	19118631	-
4	3	19118632	-
2	3	19118635	-
1	3	19118638	-
2	3	19118641	-
1	3	19118644	-
2	3	19118646	-
16	3	19118647	-
5	3	19118650	-
1	3	19118651	-
11	3	19118653	-
1	3	19118655	-
32	3	19118656	-
1	3	19118657	-
7	3	19118662	-
18	3	19118664	-
13	3	19118665	-
35	3	19118668	-
1	3	19118669	-
1	3	19118670	-
11	3	19118671	-
1	3	19118672	-
2	3	19118674	-
6	3	19118676	-
5	3	19118677	-
2	3	19118680	-
11	3	19118683	-
18	3	19118686	-
4	3	19118689	-
5	3	19118692	-
4	3	19118695	-
29	3	19118698	-
2	3	19118699	-
10	3	19118701	-
9	3	19118704	-
1	3	19118705	-
6	3	19118707	-
7	3	19118710	-
3	3	19118716	-
8	3	19118719	-
5	3	19118722	-
1	3	19118723	-
1	3	19118725	-
1	3	19118726	-
5	3	19118727	-
36	3	19118728	-
2	3	19118729	-
1	3	19118731	-
14	3	19118733	-
13	3	19118734	-
1	3	19118736	-
205	3	19118737	-
7	3	19118738	-
10	3	19118740	-
61	3	19118743	-
3	3	19118744	-
2	3	19118745	-
31	3	19118746	-
79	3	19118749	-
1	3	19118750	-
2	3	19118751	-
8	3	19118752	-
1	3	19118754	-
10	3	19118755	-
1	3	19118758	-
1	3	19118760	-
1	3	19118764	-
1	3	19118767	-
5	3	19118770	-
4	3	19118776	-
7	3	19118779	-
6	3	19118781	-
3	3	19118782	-
4	3	19118785	-
1	3	19118788	-
5	3	19118791	-
2	3	19118794	-
26	3	19118797	-
3	3	19118798	-
19	3	19118800	-
37	3	19118806	-
1	3	19118807	-
7	3	19118808	-
31	3	19118809	-
2	3	19118810	-
28	3	19118812	-
4	3	19118813	-
6	3	19118815	-
1	3	19118816	-
9	3	19118818	-
9	3	19118821	-
2	3	19118824	-
1	3	19118825	-
9	3	19118827	-
3	3	19118828	-
10	3	19118830	-
3	3	19118831	-
4	3	19118833	-
1	3	19118835	-
8	3	19118836	-
11	3	19118839	-
7	3	19118842	-
1	3	19118843	-
19	3	19118845	-
2	3	19118846	-
2	3	19118847	-
16	3	19118848	-
7	3	19118851	-
1	3	19118852	-
2	3	19118853	-
7	3	19118854	-
3	3	19118855	-
11	3	19118857	-
3	3	19118859	-
30	3	19118860	-
1	3	19118861	-
7	3	19118862	-
6	3	19118863	-
1	3	19118864	-
1	3	19118866	-
1	3	19118872	-
12	3	19118881	-
1	3	19118883	-
2	3	19118884	-
8	3	19118890	-
2	3	19118892	-
15	3	19118893	-
2	3	19118894	-
5	3	19118896	-
1	3	19118899	-
2	3	19118900	-
3	3	19118908	-
1	3	19118909	-
1	3	19118912	-
2	3	19118917	-
1	3	19118920	-
1	3	19118923	-
3	3	19118944	-
1	3	19118947	-
3	3	19118950	-
3	3	19118953	-
2	3	19118955	-
7	3	19118956	-
3	3	19118959	-
3	3	19118962	-
3	3	19118964	-
38	3	19118965	-
1	3	19118966	-
96	3	19118968	-
55	3	19118971	-
1	3	19118973	-
10	3	19118974	-
1	3	19118976	-
16	3	19118977	-
3	3	19118978	-
2	3	19118979	-
30	3	19118980	-
1	3	19118981	-
2	3	19118983	-
14	3	19118986	-
60	3	19118989	-
2	3	19118990	-
2	3	19118991	-
11	3	19118992	-
2	3	19118993	-
4	3	19118995	-
1	3	19118996	-
7	3	19118998	-
9	3	19119001	-
1	3	19119003	-
14	3	19119004	-
32	3	19119007	-
1	3	19119008	-
4	3	19119009	-
12	3	19119010	-
16	3	19119013	-
3	3	19119015	-
8	3	19119016	-
4	3	19119018	-
16	3	19119019	-
16	3	19119022	-
3	3	19119023	-
18	3	19119025	-
7	3	19119028	-
6	3	19119031	-
6	3	19119034	-
1	3	19119035	-
4	3	19119037	-
1	3	19119039	-
13	3	19119040	-
2	3	19119041	-
2	3	19119042	-
10	3	19119043	-
1	3	19119046	-
3	3	19119049	-
2	3	19119050	-
4	3	19119051	-
24	3	19119052	-
1	3	19119053	-
3	3	19119054	-
15	3	19119055	-
29	3	19119058	-
1	3	19119060	-
9	3	19119061	-
1	3	19119062	-
3	3	19119064	-
2	3	19119067	-
1	3	19119070	-
6	3	19119073	-
19	3	19119076	-
26	3	19119079	-
1	3	19119081	-
21	3	19119082	-
2	3	19119083	-
1	3	19119084	-
14	3	19119085	-
1	3	19119086	-
9	3	19119088	-
1	3	19119089	-
7	3	19119091	-
1	3	19119093	-
1	3	19119094	-
2	3	19119098	-
10	3	19119100	-
1	3	19119101	-
5	3	19119103	-
18	3	19119106	-
4	3	19119109	-
1	3	19119111	-
21	3	19119112	-
3	3	19119113	-
4	3	19119114	-
1	3	19119115	-
1	3	19119116	-
1	3	19119117	-
2	3	19119118	-
12	3	19119121	-
3	3	19119130	-
1	3	19119136	-
9	3	19119139	-
68	3	19119142	-
1	3	19119143	-
1	3	19119144	-
11	3	19119145	-
4	3	19119154	-
2	3	19119155	-
2	3	19119156	-
47	3	19119157	-
1	3	19119158	-
12	3	19119159	-
1	3	19119160	-
2	3	19119163	-
2	3	19119164	-
5	3	19119172	-
1	3	19119174	-
1	3	19119175	-
1	3	19119177	-
11	3	19119178	-
2	3	19119181	-
1	3	19119184	-
3	3	19119193	-
4	3	19119205	-
1	3	19119208	-
2	3	19119211	-
2	3	19119214	-
1	3	19119215	-
4	3	19119217	-
4	3	19119220	-
5	3	19119223	-
62	3	19119226	-
2	3	19119229	-
1	3	19119230	-
18	3	19119232	-
1	3	19119236	-
3	3	19119241	-
1	3	19119242	-
15	3	19119244	-
2	3	19119245	-
8	3	19119247	-
5	3	19119248	-
3	3	19119249	-
24	3	19119250	-
9	3	19119251	-
13	3	19119253	-
2	3	19119254	-
2	3	19119256	-
1	3	19119257	-
1	3	19119258	-
11	3	19119259	-
24	3	19119262	-
1	3	19119263	-
14	3	19119265	-
3	3	19119268	-
11	3	19119271	-
9	3	19119274	-
1	3	19119275	-
23	3	19119277	-
2	3	19119278	-
3	3	19119279	-
23	3	19119280	-
4	3	19119286	-
1	3	19119289	-
3	3	19119292	-
4	3	19119295	-
1	3	19119298	-
2	3	19119303	-
2	3	19119304	-
2	3	19119306	-
34	3	19119307	-
3	3	19119310	-
17	3	19119313	-
28	3	19119319	-
39	3	19119322	-
4	3	19119325	-
4	3	19119327	-
170	3	19119328	-
2	3	19119331	-
1	3	19119332	-
41	3	19119334	-
1	3	19119335	-
1	3	19119336	-
15	3	19119337	-
4	3	19119339	-
45	3	19119340	-
1	3	19119341	-
11	3	19119343	-
14	3	19119352	-
1	3	19119353	-
1	3	19119354	-
20	3	19119355	-
9	3	19119358	-
1	3	19119361	-
11	3	19119364	-
4	3	19119365	-
6	3	19119367	-
21	3	19119370	-
14	3	19119373	-
2	3	19119374	-
8	3	19119376	-
2	3	19119377	-
4	3	19119379	-
1	3	19119381	-
11	3	19119382	-
14	3	19119385	-
1	3	19119387	-
5	3	19119388	-
1	3	19119390	-
23	3	19119391	-
2	3	19119392	-
6	3	19119394	-
19	3	19119397	-
2	3	19119398	-
10	3	19119400	-
1	3	19119401	-
1	3	19119402	-
4	3	19119403	-
24	3	19119406	-
1	3	19119407	-
3	3	19119409	-
4	3	19119412	-
2	3	19119413	-
1	3	19119414	-
36	3	19119415	-
1	3	19119416	-
1	3	19119418	-
1	3	19119422	-
1	3	19119423	-
3	3	19119424	-
1	3	19119428	-
1	3	19119433	-
2	3	19119439	-
19	3	19119442	-
1	3	19119443	-
1	3	19119445	-
8	3	19119448	-
37	3	19119451	-
1	3	19119452	-
1	3	19119454	-
1	3	19119456	-
2	3	19119457	-
2	3	19119460	-
21	3	19119463	-
1	3	19119465	-
22	3	19119466	-
5	3	19119469	-
17	3	19119478	-
1	3	19119481	-
1	3	19119489	-
12	3	19119490	-
6	3	19119493	-
31	3	19119496	-
1	3	19119497	-
2	3	19119498	-
3	3	19119499	-
1	3	19119501	-
38	3	19119502	-
3	3	19119503	-
43	3	19119505	-
4	3	19119506	-
28	3	19119508	-
3	3	19119509	-
8	3	19119511	-
12	3	19119514	-
2	3	19119515	-
17	3	19119517	-
3	3	19119518	-
14	3	19119520	-
2	3	19119523	-
27	3	19119526	-
2	3	19119527	-
1	3	19119529	-
3	3	19119531	-
27	3	19119532	-
11	3	19119535	-
5	3	19119541	-
16	3	19119544	-
1	3	19119545	-
3	3	19119547	-
8	3	19119553	-
20	3	19119556	-
2	3	19119558	-
6	3	19119559	-
8	3	19119562	-
2	3	19119563	-
12	3	19119565	-
2	3	19119566	-
1	3	19119567	-
28	3	19119568	-
9	3	19119570	-
16	3	19119571	-
3	3	19119572	-
9	3	19119574	-
6	3	19119577	-
15	3	19119580	-
1	3	19119581	-
4	3	19119583	-
1	3	19119584	-
4	3	19119585	-
9	3	19119586	-
2	3	19119587	-
7	3	19119589	-
4	3	19119592	-
1	3	19119595	-
2	3	19119596	-
15	3	19119601	-
4	3	19119603	-
11	3	19119604	-
7	3	19119606	-
2	3	19119607	-
2	3	19119609	-
19	3	19119610	-
3	3	19119613	-
1	3	19119614	-
3	3	19119615	-
35	3	19119616	-
25	3	19119619	-
2	3	19119622	-
14	3	19119625	-
6	3	19119628	-
2	3	19119629	-
8	3	19119631	-
3	3	19119634	-
6	3	19119636	-
13	3	19119637	-
1	3	19119639	-
8	3	19119640	-
1	3	19119642	-
3	3	19119643	-
2	3	19119646	-
1	3	19119647	-
5	3	19119649	-
1	3	19119650	-
1	3	19119651	-
9	3	19119652	-
6	3	19119655	-
4	3	19119657	-
11	3	19119658	-
5	3	19119661	-
1	3	19119663	-
8	3	19119664	-
1	3	19119665	-
9	3	19119667	-
6	3	19119670	-
29	3	19119673	-
1	3	19119675	-
14	3	19119676	-
1	3	19119677	-
3	3	19119679	-
1	3	19119680	-
7	3	19119682	-
3	3	19119685	-
3	3	19119688	-
6	3	19119689	-
3	3	19119691	-
1	3	19119692	-
3	3	19119694	-
3	3	19119697	-
34	3	19119700	-
1	3	19119701	-
4	3	19119702	-
8	3	19119703	-
9	3	19119706	-
3	3	19119707	-
1	3	19119708	-
14	3	19119709	-
18	3	19119712	-
3	3	19119713	-
7	3	19119715	-
1	3	19119716	-
6	3	19119718	-
1	3	19119719	-
2	3	19119721	-
56	3	19119724	-
3	3	19119725	-
2	3	19119727	-
1	3	19119729	-
5	3	19119730	-
1	3	19119733	-
3	3	19119736	-
1	3	19119738	-
20	3	19119739	-
21	3	19119742	-
4	3	19119743	-
1	3	19119744	-
31	3	19119745	-
1	3	19119748	-
1	3	19119750	-
6	3	19119751	-
2	3	19119754	-
1	3	19119755	-
1	3	19119756	-
33	3	19119757	-
3	3	19119759	-
46	3	19119760	-
19	3	19119763	-
1	3	19119764	-
1	3	19119765	-
49	3	19119766	-
1	3	19119767	-
17	3	19119769	-
1	3	19119770	-
1	3	19119771	-
52	3	19119772	-
6	3	19119773	-
25	3	19119775	-
3	3	19119778	-
1	3	19119780	-
40	3	19119781	-
1	3	19119783	-
19	3	19119784	-
9	3	19119787	-
1	3	19119791	-
5	3	19119793	-
43	3	19119799	-
7	3	19119800	-
4	3	19119801	-
11	3	19119802	-
10	3	19119804	-
69	3	19119805	-
1	3	19119806	-
127	3	19119808	-
2	3	19119809	-
5	3	19119810	-
31	3	19119811	-
6	3	19119812	-
5	3	19119813	-
18	3	19119814	-
4	3	19119817	-
1	3	19119818	-
14	3	19119823	-
5	3	19119826	-
20	3	19119832	-
3	3	19119835	-
1	3	19119837	-
7	3	19119838	-
1	3	19119840	-
18	3	19119841	-
3	3	19119842	-
2	3	19119844	-
1	3	19119847	-
10	3	19119856	-
4	3	19119859	-
1	3	19119861	-
5	3	19119862	-
1	3	19119865	-
1	3	19119868	-
3	3	19119880	-
1	3	19119882	-
22	3	19119883	-
1	3	19119884	-
5	3	19119885	-
23	3	19119886	-
48	3	19119889	-
39	3	19119892	-
4	3	19119894	-
9	3	19119895	-
1	3	19119896	-
1	3	19119897	-
43	3	19119898	-
3	3	19119900	-
30	3	19119901	-
6	3	19119902	-
19	3	19119904	-
32	3	19119907	-
15	3	19119910	-
1	3	19119911	-
9	3	19119916	-
13	3	19119919	-
1	3	19119920	-
1	3	19119921	-
22	3	19119922	-
10	3	19119925	-
2	3	19119928	-
3	3	19119929	-
4	3	19119931	-
1	3	19119934	-
1	3	19119935	-
2	3	19119937	-
22	3	19119940	-
11	3	19119943	-
1	3	19119945	-
11	3	19119946	-
7	3	19119949	-
10	3	19119952	-
1	3	19119953	-
1	3	19119954	-
11	3	19119955	-
9	3	19119958	-
8	3	19119961	-
2	3	19119962	-
1	3	19119963	-
6	3	19119964	-
1	3	19119965	-
1	3	19119966	-
13	3	19119967	-
2	3	19119968	-
2	3	19119969	-
17	3	19119970	-
5	3	19119972	-
6	3	19119973	-
5	3	19119976	-
1	3	19119978	-
6	3	19119979	-
1	3	19119980	-
57	3	19119982	-
17	3	19119983	-
28	3	19119985	-
1	3	19119986	-
11	3	19119988	-
4	3	19119991	-
1	3	19119995	-
1	3	19119997	-
2	3	19119998	-
2	3	19120006	-
32	3	19120009	-
21	3	19120012	-
2	3	19120013	-
1	3	19120014	-
23	3	19120015	-
2	3	19120016	-
1	3	19120017	-
36	3	19120018	-
4	3	19120019	-
1	3	19120020	-
21	3	19120021	-
1	3	19120022	-
1	3	19120023	-
16	3	19120024	-
22	3	19120030	-
2	3	19120031	-
6	3	19120033	-
16	3	19120036	-
1	3	19120038	-
35	3	19120039	-
2	3	19120041	-
12	3	19120042	-
1	3	19120043	-
53	3	19120045	-
33	3	19120048	-
1	3	19120049	-
4	3	19120050	-
38	3	19120051	-
1	3	19120052	-
4	3	19120054	-
1	3	19120055	-
9	3	19120057	-
2	3	19120059	-
7	3	19120060	-
96	3	19120063	-
4	3	19120064	-
1	3	19120070	-
11	3	19120072	-
1	3	19120075	-
2	3	19120076	-
4	3	19120078	-
13	3	19120081	-
54	3	19120084	-
1	3	19120085	-
1	3	19120086	-
16	3	19120087	-
26	3	19120090	-
8	3	19120093	-
8	3	19120096	-
2	3	19120097	-
3	3	19120098	-
20	3	19120099	-
3	3	19120100	-
1	3	19120102	-
1	3	19120103	-
1	3	19120113	-
8	3	19120114	-
5	3	19120117	-
10	3	19120120	-
1	3	19120121	-
14	3	19120123	-
4	3	19120126	-
1	3	19120127	-
2	3	19120128	-
8	3	19120129	-
2	3	19120131	-
35	3	19120132	-
1	3	19120133	-
19	3	19120135	-
1	3	19120136	-
3	3	19120137	-
29	3	19120138	-
4	3	19120139	-
1	3	19120140	-
8	3	19120141	-
1	3	19120142	-
9	3	19120144	-
12	3	19120147	-
1	3	19120148	-
1	3	19120149	-
9	3	19120150	-
1	3	19120151	-
1	3	19120152	-
1	3	19120153	-
2	3	19120155	-
1	3	19120158	-
1	3	19120161	-
5	3	19120162	-
18	3	19120165	-
10	3	19120168	-
4	3	19120171	-
4	3	19120174	-
2	3	19120176	-
6	3	19120177	-
2	3	19120179	-
4	3	19120180	-
19	3	19120183	-
17	3	19120186	-
2	3	19120189	-
2	3	19120191	-
21	3	19120192	-
1	3	19120193	-
8	3	19120194	-
39	3	19120195	-
3	3	19120196	-
14	3	19120198	-
1	3	19120199	-
20	3	19120201	-
1	3	19120202	-
8	3	19120204	-
24	3	19120207	-
1	3	19120208	-
4	3	19120210	-
7	3	19120213	-
1	3	19120215	-
7	3	19120216	-
7	3	19120219	-
1	3	19120222	-
2	3	19120225	-
13	3	19120228	-
2	3	19120229	-
49	3	19120231	-
11	3	19120234	-
2	3	19120236	-
45	3	19120237	-
2	3	19120240	-
1	3	19120241	-
22	3	19120243	-
3	3	19120246	-
3	3	19120247	-
1	3	19120249	-
3	3	19120251	-
2	3	19120252	-
14	3	19120255	-
4	3	19120257	-
1	3	19120258	-
1	3	19120260	-
13	3	19120261	-
3	3	19120264	-
2	3	19120266	-
18	3	19120267	-
25	3	19120270	-
16	3	19120273	-
1	3	19120274	-
2	3	19120275	-
7	3	19120276	-
4	3	19120278	-
56	3	19120279	-
2	3	19120280	-
21	3	19120282	-
3	3	19120283	-
2	3	19120284	-
52	3	19120285	-
2	3	19120286	-
2	3	19120287	-
28	3	19120288	-
56	3	19120291	-
29	3	19120294	-
3	3	19120295	-
3	3	19120297	-
1	3	19120298	-
2	3	19120300	-
27	3	19120303	-
1	3	19120305	-
2	3	19120306	-
1	3	19120308	-
65	3	19120309	-
1	3	19120310	-
9	3	19120312	-
2	3	19120315	-
9	3	19120318	-
30	3	19120324	-
3	3	19120325	-
2	3	19120326	-
30	3	19120327	-
25	3	19120330	-
1	3	19120332	-
14	3	19120333	-
4	3	19120336	-
1	3	19120337	-
15	3	19120339	-
2	3	19120340	-
2	3	19120341	-
22	3	19120342	-
13	3	19120345	-
1	3	19120346	-
5	3	19120348	-
2	3	19120350	-
51	3	19120351	-
42	3	19120354	-
3	3	19120360	-
10	3	19120362	-
8	3	19120363	-
1	3	19120364	-
5	3	19120366	-
1	3	19120369	-
4	3	19120372	-
1	3	19120373	-
5	3	19120375	-
13	3	19120378	-
6	3	19120381	-
1	3	19120382	-
105	3	19120384	-
3	3	19120385	-
1	3	19120386	-
27	3	19120387	-
4	3	19120388	-
8	3	19120390	-
3	3	19120391	-
1	3	19120392	-
23	3	19120393	-
13	3	19120396	-
5	3	19120397	-
2	3	19120398	-
13	3	19120399	-
1	3	19120401	-
97	3	19120402	-
10	3	19120403	-
5	3	19120404	-
3	3	19120405	-
35	3	19120408	-
3	3	19120409	-
59	3	19120411	-
2	3	19120412	-
17	3	19120414	-
1	3	19120415	-
3	3	19120416	-
22	3	19120417	-
2	3	19120418	-
16	3	19120420	-
4	3	19120421	-
10	3	19120422	-
21	3	19120423	-
2	3	19120424	-
77	3	19120426	-
5	3	19120427	-
17	3	19120428	-
33	3	19120429	-
2	3	19120430	-
1	3	19120431	-
9	3	19120432	-
1	3	19120435	-
1	3	19120438	-
2	3	19120441	-
1	3	19120447	-
5	3	19120450	-
1	3	19120451	-
4	3	19120453	-
3	3	19120456	-
2	3	19120458	-
7	3	19120459	-
4	3	19120462	-
1	3	19120463	-
23	3	19120465	-
13	3	19120468	-
1	3	19120469	-
1	3	19120470	-
9	3	19120471	-
2	3	19120472	-
1	3	19120473	-
9	3	19120474	-
1	3	19120475	-
13	3	19120477	-
1	3	19120478	-
20	3	19120480	-
2	3	19120481	-
3	3	19120482	-
8	3	19120483	-
3	3	19120486	-
7	3	19120489	-
1	3	19120492	-
2	3	19120497	-
39	3	19120498	-
1	3	19120499	-
2	3	19120500	-
21	3	19120501	-
6	3	19120502	-
1	3	19120503	-
6	3	19120504	-
3	3	19120507	-
1	3	19120508	-
3	3	19120525	-
2	3	19120528	-
1	3	19120531	-
1	3	19120533	-
5	3	19120534	-
1	3	19120537	-
11	3	19120555	-
1	3	19120556	-
2	3	19120560	-
2	3	19120561	-
2	3	19120563	-
3	3	19120564	-
1	3	19120565	-
1	3	19120571	-
1	3	19120576	-
2	3	19120577	-
2	3	19120590	-
1	3	19120591	-
2	3	19120602	-
1	3	19120624	-
1	3	19120776	-
1	3	19120788	-
2	3	19120805	-
3	3	19120815	-
1	3	19120907	-
1	3	19122332	-
1	3	19123852	-
1	3	19124191	-
1	3	19124203	-
1	3	19124564	-
1	3	19125863	+
1	3	19126478	+
1	3	19126562	+
1	3	19126757	+
1	3	19126985	+
1	3	19127105	+
1	3	19127411	+
1	3	19127537	+
1	3	19127963	+
2	3	19128332	+
2	3	19128389	+
2	3	19128629	+
1	3	19128870	+
1	3	19129022	+
1	3	19129718	+
1	3	19130160	+
1	3	19131171	-
1	3	19131172	-
1	3	19131178	-
3	3	19131193	-
3	3	19131202	-
1	3	19131207	-
9	3	19131208	-
4	3	19131223	-
1	3	19131227	-
1	3	19131232	-
1	3	19131237	-
1	3	19131238	-
3	3	19131244	-
1	3	19131246	-
1	3	19131256	-
2	3	19131260	-
1	3	19131268	-
2	3	19131271	-
1	3	19131277	-
1	3	19131304	-
4	3	19131325	-
1	3	19131331	-
1	3	19131337	-
3	3	19131343	-
2	3	19131346	-
4	3	19131349	-
2	3	19131352	-
1	3	19131353	-
1	3	19131361	-
2	3	19131385	-
2	3	19131406	-
1	3	19131412	-
2	3	19131415	-
5	3	19131418	-
1	3	19131421	-
1	3	19131423	-
2	3	19131430	-
2	3	19131454	-
3	3	19131460	-
3	3	19131463	-
1	3	19131465	-
1	3	19131472	-
1	3	19131497	-
1	3	19131499	-
3	3	19131502	-
1	3	19131505	-
1	3	19131511	-
1	3	19131514	-
3	3	19131520	-
1	3	19131526	-
2	3	19131532	-
1	3	19131535	-
2	3	19131541	-
1	3	19131545	-
3	3	19131550	-
1	3	19131556	-
2	3	19131559	-
5	3	19131562	-
1	3	19131563	-
2	3	19131565	-
1	3	19131571	-
1	3	19131574	-
1	3	19131576	-
13	3	19131577	-
4	3	19131580	-
1	3	19131583	-
2	3	19131586	-
4	3	19131589	-
1	3	19131595	-
6	3	19131598	-
2	3	19131601	-
3	3	19131625	-
1	3	19131833	-
3	3	19131839	-
1	3	19131842	-
8	3	19131845	-
1	3	19131848	-
2	3	19131851	-
5	3	19131854	-
1	3	19131856	-
2	3	19131857	-
2	3	19131860	-
6	3	19131863	-
1	3	19131864	-
2	3	19131867	-
6	3	19131869	-
4	3	19131872	-
4	3	19131875	-
3	3	19131878	-
6	3	19131881	-
8	3	19131884	-
6	3	19131887	-
3	3	19131890	-
2	3	19131893	-
1	3	19131899	-
3	3	19131902	-
1	3	19131908	-
1	3	19131913	-
1	3	19131914	-
1	3	19131917	-
2	3	19131920	-
2	3	19131923	-
4	3	19131926	-
1	3	19131929	-
1	3	19131932	-
7	3	19132351	-
4	3	19132354	-
2	3	19132357	-
5	3	19132363	-
3	3	19132365	-
2	3	19132366	-
2	3	19132375	-
1	3	19132378	-
1	3	19132384	-
1	3	19132387	-
1	3	19132388	-
1	3	19132390	-
1	3	19132393	-
6	3	19132396	-
3	3	19132402	-
2	3	19132405	-
2	3	19132406	-
1	3	19132414	-
3	3	19132423	-
3	3	19132426	-
2	3	19132428	-
10	3	19132429	-
2	3	19132432	-
1	3	19132435	-
5	3	19132441	-
1	3	19132456	-
1	3	19132468	-
2	3	19132474	-
2	3	19132476	-
7	3	19132477	-
3	3	19132495	-
1	3	19132501	-
2	3	19132504	-
1	3	19132508	-
2	3	19132540	-
4	3	19132543	-
1	3	19132544	-
1	3	19132549	-
1	3	19132550	-
4	3	19132561	-
10	3	19132567	-
1	3	19132570	-
1	3	19132573	-
3	3	19132582	-
1	3	19132583	-
9	3	19132585	-
6	3	19132591	-
1	3	19132604	-
1	3	19132605	-
5	3	19132609	-
1	3	19132615	-
1	3	19132618	-
6	3	19132627	-
1	3	19132631	-
3	3	19132633	-
2	3	19132634	-
2	3	19132636	-
1	3	19132637	-
3	3	19132639	-
1	3	19132645	-
2	3	19132648	-
2	3	19132651	-
2	3	19132660	-
9	3	19132666	-
2	3	19132669	-
2	3	19132672	-
4	3	19132675	-
2	3	19132678	-
1	3	19132681	-
2	3	19132684	-
2	3	19132690	-
3	3	19132699	-
2	3	19132702	-
1	3	19132711	-
2	3	19132714	-
1	3	19132715	-
2	3	19132716	-
10	3	19132717	-
1	3	19132721	-
2	3	19132723	-
1	3	19132724	-
6	3	19132726	-
1	3	19132729	-
2	3	19132732	-
1	3	19132735	-
2	3	19132737	-
3	3	19132738	-
1	3	19132747	-
1	3	19132753	-
2	3	19132765	-
1	3	19132768	-
2	3	19132780	-
6	3	19132786	-
1	3	19132795	-
7	3	19132798	-
2	3	19132799	-
2	3	19132801	-
1	3	19132804	-
1	3	19132875	-
3	3	19132887	-
1	3	19132890	-
3	3	19132896	-
2	3	19132905	-
1	3	19132906	-
2	3	19132910	-
1	3	19132911	-
1	3	19132917	-
3	3	19132919	-
4	3	19132923	-
1	3	19132926	-
1	3	19132928	-
3	3	19132932	-
1	3	19132934	-
11	3	19132935	-
4	3	19132936	-
1	3	19132937	-
1	3	19132938	-
2	3	19132941	-
2	3	19132943	-
2	3	19132944	-
4	3	19132947	-
3	3	19132953	-
4	3	19132956	-
1	3	19132962	-
1	3	19132965	-
1	3	19132991	-
2	3	19132995	-
1	3	19132996	-
2	3	19133001	-
1	3	19133007	-
1	3	19133038	-
1	3	19133048	-
1	3	19133051	-
3	3	19133054	-
1	3	19133057	-
1	3	19133068	-
3	3	19133069	-
1	3	19133072	-
5	3	19133075	-
1	3	19133078	-
8	3	19133084	-
4	3	19133090	-
2	3	19133093	-
2	3	19133096	-
1	3	19133129	-
1	3	19133133	-
1	3	19133140	-
10	3	19133147	-
19	3	19133162	-
1	3	19133192	-
1	3	19133207	-
1	3	19133224	-
2	3	19138612	-
2	3	19138618	-
1	3	19138620	-
4	3	19138621	-
7	3	19138622	-
1	3	19138638	-
2	3	19138639	-
1	3	19138641	-
3	3	19138644	-
3	3	19138648	-
1	3	19138651	-
1	3	19138657	-
1	3	19138659	-
16	3	19138665	-
114	3	19138666	-
2	3	19138667	-
6	3	19138668	-
73	3	19138669	-
2	3	19138778	-
21	3	19138779	-
2	3	19138781	-
7	3	19138782	-
2	3	19138784	-
3	3	19138785	-
9	3	19138787	-
67	3	19138788	-
1	3	19138789	-
47	3	19138791	-
1	3	19138792	-
5	3	19138793	-
180	3	19138794	-
8	3	19138795	-
19	3	19138797	-
1	3	19138798	-
6	3	19138799	-
12	3	19138800	-
33	3	19138803	-
6	3	19138804	-
7	3	19138805	-
37	3	19138806	-
2	3	19138807	-
4	3	19138808	-
3	3	19138809	-
2	3	19138811	-
42	3	19138812	-
1	3	19138813	-
3	3	19138814	-
58	3	19138815	-
17	3	19138818	-
1	3	19138819	-
4	3	19138820	-
47	3	19138821	-
2	3	19138822	-
73	3	19138824	-
1	3	19138825	-
32	3	19138827	-
3	3	19138828	-
89	3	19138830	-
9	3	19138831	-
5	3	19138832	-
66	3	19138833	-
10	3	19138834	-
10	3	19138835	-
119	3	19138836	-
2	3	19138837	-
6	3	19138838	-
105	3	19138839	-
5	3	19138840	-
4	3	19138841	-
26	3	19138842	-
3	3	19138843	-
1	3	19138844	-
39	3	19138845	-
2	3	19138847	-
2	3	19138848	-
50	3	19138851	-
7	3	19138852	-
2	3	19138853	-
52	3	19138854	-
1	3	19138855	-
1	3	19138856	-
12	3	19138857	-
2	3	19138859	-
20	3	19138860	-
1	3	19138861	-
73	3	19138863	-
3	3	19138865	-
5	3	19138866	-
1	3	19138867	-
4	3	19138868	-
5	3	19138869	-
4	3	19138872	-
4	3	19138878	-
1	3	19138881	-
2	3	19138884	-
1	3	19138885	-
1	3	19138886	-
237	3	19138887	-
11	3	19138888	-
12	3	19138889	-
94	3	19138890	-
6	3	19138891	-
5	3	19138892	-
85	3	19138893	-
3	3	19138894	-
5	3	19138895	-
68	3	19138896	-
11	3	19138897	-
27	3	19138899	-
1	3	19138900	-
1	3	19138901	-
49	3	19138902	-
2	3	19138903	-
1	3	19138904	-
66	3	19138905	-
3	3	19138906	-
35	3	19138908	-
6	3	19138909	-
3	3	19138910	-
40	3	19138911	-
3	3	19138912	-
27	3	19138913	-
109	3	19138914	-
9	3	19138915	-
27	3	19138916	-
57	3	19138917	-
2	3	19138918	-
3	3	19138919	-
26	3	19138920	-
2	3	19138921	-
5	3	19138922	-
150	3	19138923	-
2	3	19138924	-
6	3	19138925	-
25	3	19138926	-
7	3	19138927	-
2	3	19138928	-
31	3	19138929	-
2	3	19138930	-
12	3	19138931	-
57	3	19138932	-
2	3	19138933	-
6	3	19138934	-
268	3	19138935	-
2	3	19138936	-
8	3	19138938	-
1	3	19138939	-
1	3	19138940	-
51	3	19138941	-
2	3	19138942	-
1	3	19138943	-
27	3	19138944	-
2	3	19138945	-
29	3	19138947	-
17	3	19138950	-
2	3	19138956	-
10	3	19138959	-
3	3	19138962	-
2	3	19138963	-
4	3	19138964	-
32	3	19138965	-
1	3	19138966	-
134	3	19138968	-
4	3	19138969	-
4	3	19138970	-
105	3	19138971	-
1	3	19138972	-
12	3	19138973	-
90	3	19138974	-
5	3	19138975	-
8	3	19138976	-
21	3	19138977	-
2	3	19138978	-
2	3	19138979	-
17	3	19138980	-
16	3	19138982	-
6	3	19138983	-
4	3	19138985	-
29	3	19138986	-
1	3	19138987	-
1	3	19138988	-
101	3	19138989	-
6	3	19138990	-
1	3	19138991	-
47	3	19138992	-
4	3	19138993	-
7	3	19138994	-
159	3	19138995	-
2	3	19138997	-
73	3	19138998	-
6	3	19138999	-
26	3	19139000	-
45	3	19139001	-
5	3	19139002	-
11	3	19139003	-
30	3	19139004	-
2	3	19139009	-
23	3	19139010	-
3	3	19139011	-
7	3	19139012	-
24	3	19139013	-
4	3	19139015	-
125	3	19139016	-
7	3	19139017	-
2	3	19139018	-
61	3	19139019	-
6	3	19139020	-
28	3	19139022	-
1	3	19139023	-
3	3	19139024	-
8	3	19139025	-
2	3	19139028	-
1	3	19139030	-
8	3	19139031	-
1	3	19139032	-
5	3	19139034	-
21	3	19139036	-
25	3	19139037	-
1	3	19139038	-
2	3	19139039	-
10	3	19139040	-
5	3	19139043	-
3	3	19139044	-
1	3	19139045	-
35	3	19139046	-
1	3	19139048	-
14	3	19139049	-
7	3	19139051	-
80	3	19139052	-
3	3	19139054	-
14	3	19139055	-
1	3	19139056	-
1	3	19139057	-
6	3	19139058	-
7	3	19139064	-
2	3	19139065	-
1	3	19139066	-
51	3	19139067	-
2	3	19139069	-
17	3	19139070	-
1	3	19139071	-
9	3	19139073	-
267	3	19139076	-
17	3	19139077	-
27	3	19139078	-
142	3	19139079	-
3	3	19139080	-
2	3	19139081	-
151	3	19139082	-
2	3	19139083	-
26	3	19139085	-
2	3	19139086	-
1	3	19139087	-
10	3	19139088	-
3	3	19139089	-
48	3	19139091	-
3	3	19139092	-
10	3	19139093	-
26	3	19139094	-
2	3	19139095	-
141	3	19139097	-
1	3	19139098	-
7	3	19139099	-
109	3	19139100	-
15	3	19139101	-
69	3	19139103	-
1	3	19139104	-
10	3	19139106	-
3	3	19139107	-
1	3	19139108	-
61	3	19139109	-
5	3	19139110	-
20	3	19139112	-
2	3	19139113	-
4	3	19139115	-
14	3	19139118	-
1	3	19139119	-
9	3	19139121	-
1	3	19139122	-
1	3	19139123	-
115	3	19139124	-
9	3	19139125	-
1	3	19139126	-
3	3	19139127	-
1	3	19139129	-
4	3	19139160	-
3	3	19139164	-
1	3	19139165	-
2	3	19139166	-
1	3	19139169	-
1	3	19139421	-
2	3	19139741	-
21	3	19139744	-
1	3	19139745	-
13	3	19139747	-
2	3	19139750	-
2	3	19139759	-
2	3	19139762	-
1	3	19139768	-
3	3	19139862	-
1	3	19139864	-
4	3	19139865	-
2	3	19139867	-
3	3	19139868	-
1	3	19139876	-
5	3	19139877	-
4	3	19139880	-
2	3	19139881	-
4	3	19139883	-
1	3	19139885	-
6	3	19139886	-
1	3	19139888	-
13	3	19139889	-
2	3	19139892	-
4	3	19139895	-
1	3	19139896	-
8	3	19139898	-
2	3	19139901	-
2	3	19139903	-
1	3	19139910	-
1	3	19139916	-
8	3	19139922	-
4	3	19140021	-
1	3	19140022	-
1	3	19140024	-
3	3	19140030	-
3	3	19140033	-
1	3	19140048	-
5	3	19140051	-
1	3	19140053	-
11	3	19140054	-
4	3	19140057	-
2	3	19140060	-
1	3	19140063	-
1	3	19140066	-
1	3	19140075	-
1	3	19140205	-
13	3	19140211	-
1	3	19140212	-
12	3	19140214	-
1	3	19140217	-
5	3	19140220	-
1	3	19140223	-
3	3	19140226	-
1	3	19140229	-
9	3	19140232	-
2	3	19140234	-
16	3	19140235	-
1	3	19140236	-
2	3	19140238	-
6	3	19140241	-
1	3	19140243	-
12	3	19140244	-
1	3	19140245	-
2	3	19140247	-
6	3	19140250	-
2	3	19140252	-
11	3	19140253	-
13	3	19140259	-
19	3	19140262	-
1	3	19140263	-
1	3	19140264	-
4	3	19140265	-
3	3	19140268	-
2	3	19140269	-
2	3	19140270	-
10	3	19140271	-
1	3	19140272	-
1	3	19140274	-
2	3	19140276	-
1	3	19140277	-
1	3	19140280	-
1	3	19140281	-
5	3	19140283	-
1	3	19140284	-
12	3	19140864	-
2	3	19140865	-
3	3	19140867	-
6	3	19140870	-
3	3	19140873	-
1	3	19140876	-
2	3	19140879	-
1	3	19140880	-
1	3	19140881	-
3	3	19140882	-
5	3	19140885	-
1	3	19140887	-
8	3	19140888	-
1	3	19140889	-
8	3	19140891	-
1	3	19140892	-
2	3	19140893	-
4	3	19140894	-
9	3	19140897	-
8	3	19140898	-
1	3	19140899	-
11	3	19140900	-
3	3	19140903	-
3	3	19140906	-
2	3	19140911	-
2	3	19140912	-
3	3	19140914	-
4	3	19140915	-
1	3	19140918	-
1	3	19140920	-
2	3	19140921	-
3	3	19140924	-
6	3	19141062	-
3	3	19141063	-
31	3	19141065	-
35	3	19141068	-
1	3	19141069	-
15	3	19141071	-
1	3	19141072	-
9	3	19141074	-
3	3	19141075	-
20	3	19141077	-
1	3	19141078	-
13	3	19141080	-
2	3	19141081	-
1	3	19141082	-
25	3	19141083	-
1	3	19141084	-
1	3	19141085	-
8	3	19141086	-
8	3	19141089	-
5	3	19141092	-
9	3	19141098	-
21	3	19141101	-
6	3	19141104	-
1	3	19141105	-
6	3	19141107	-
3	3	19141110	-
7	3	19141113	-
1	3	19141116	-
1	3	19141117	-
1	3	19141118	-
1	3	19141119	-
1	3	19141122	-
18	3	19141125	-
1	3	19141126	-
4	3	19141127	-
4	3	19141128	-
10	3	19141131	-
1	3	19141134	-
5	3	19141142	-
11	3	19141143	-
3	3	19141144	-
7	3	19141146	-
1	3	19141147	-
4	3	19141149	-
1	3	19141150	-
3	3	19141554	-
49	3	19141557	-
2	3	19141558	-
1	3	19141559	-
9	3	19141560	-
4	3	19141563	-
11	3	19141566	-
1	3	19141567	-
3	3	19141569	-
4	3	19141572	-
2	3	19141575	-
1	3	19141578	-
5	3	19141581	-
13	3	19141584	-
2	3	19141585	-
5	3	19141587	-
8	3	19141590	-
6	3	19141593	-
13	3	19141596	-
1	3	19141599	-
12	3	19141602	-
4	3	19141605	-
7	3	19141608	-
1	3	19141695	-
1	3	19141698	-
2	3	19141704	-
3	3	19141707	-
9	3	19141710	-
8	3	19141713	-
2	3	19141719	-
8	3	19141728	-
11	3	19141731	-
2	3	19141734	-
2	3	19141736	-
5	3	19141737	-
1	3	19141741	-
1	3	19141742	-
7	3	19141743	-
1	3	19141744	-
8	3	19141746	-
3	3	19141747	-
3	3	19141749	-
8	3	19141752	-
3	3	19141753	-
5	3	19141755	-
1	3	19141839	-
7	3	19141845	-
2	3	19141846	-
3	3	19141848	-
2	3	19141851	-
7	3	19141872	-
1	3	19141873	-
2	3	19141875	-
1	3	19141877	-
9	3	19141878	-
2	3	19141881	-
1	3	19141882	-
3	3	19141883	-
6	3	19141884	-
1	3	19141895	-
3	3	19141898	-
3	3	19141902	-
1	3	19141904	-
2	3	19141907	-
2	3	19141908	-
4	3	19141911	-
1	3	19141913	-
6	3	19141914	-
1	3	19141917	-
5	3	19141923	-
3	3	19141925	-
13	3	19141926	-
2	3	19141928	-
4	3	19141929	-
2	3	19141936	-
9	3	19141938	-
1	3	19141939	-
1	3	19141940	-
2	3	19141941	-
1	3	19141945	-
6	3	19141947	-
1	3	19141956	-
11	3	19141959	-
1	3	19141983	-
1	3	19142032	-
3	3	19142056	-
2	3	19143568	+
3	3	19143740	+
1	3	19143745	+
6	3	19143786	+
2	3	19143798	+
7	3	19143874	+
2	3	19143877	+
1	3	19143880	+
1	3	19143904	+
2	3	19143910	+
1	3	19143913	+
1	3	19143918	+
3	3	19143928	+
2	3	19143931	+
1	3	19143943	+
1	3	19143952	+
4	3	19143955	+
1	3	19143970	+
3	3	19143973	+
2	3	19143976	+
3	3	19143988	+
1	3	19143996	+
1	3	19144000	+
2	3	19144003	+
3	3	19144021	+
1	3	19144022	+
9	3	19144024	+
5	3	19144027	+
1	3	19144030	+
1	3	19144032	+
4	3	19144033	+
1	3	19144036	+
4	3	19144039	+
1	3	19144041	+
8	3	19144042	+
1	3	19144044	+
5	3	19144045	+
1	3	19144061	+
2	3	19144063	+
2	3	19144081	+
1	3	19144440	+
1	3	19144450	+
5	3	19144458	+
1	3	19144459	+
1	3	19144465	+
1	3	19144467	+
1	3	19144470	+
1	3	19144471	+
1	3	19144473	+
4	3	19144476	+
4	3	19144479	+
1	3	19144482	+
1	3	19144512	+
1	3	19144521	+
1	3	19144533	+
2	3	19144542	+
1	3	19144548	+
1	3	19144560	+
1	3	19144584	+
6	3	19144590	+
2	3	19144776	+
1	3	19144779	+
1	3	19144788	+
3	3	19144791	+
1	3	19144793	+
2	3	19144797	+
2	3	19144815	+
1	3	19144821	+
2	3	19144824	+
2	3	19144827	+
1	3	19144830	+
2	3	19144833	+
1	3	19144851	+
1	3	19144860	+
1	3	19144864	+
2	3	19144866	+
2	3	19145235	+
1	3	19145238	+
1	3	19145241	+
1	3	19145242	+
1	3	19145244	+
1	3	19145247	+
1	3	19145256	+
1	3	19145257	+
1	3	19145261	+
1	3	19145262	+
2	3	19145274	+
1	3	19145277	+
6	3	19145280	+
1	3	19145281	+
1	3	19145283	+
4	3	19145289	+
1	3	19145292	+
2	3	19145295	+
4	3	19145302	+
1	3	19145333	+
3	3	19145334	+
4	3	19145337	+
1	3	19145345	+
2	3	19145346	+
2	3	19145347	+
1	3	19145348	+
2	3	19145349	+
2	3	19145358	+
3	3	19145361	+
1	3	19145370	+
1	3	19145373	+
1	3	19145376	+
2	3	19145379	+
1	3	19145382	+
1	3	19145385	+
2	3	19145388	+
1	3	19145392	+
1	3	19145400	+
1	3	19145406	+
2	3	19145409	+
3	3	19145412	+
2	3	19145413	+
1	3	19145512	+
1	3	19145518	+
1	3	19145521	+
1	3	19145522	+
3	3	19145524	+
3	3	19145527	+
4	3	19145545	+
1	3	19145548	+
1	3	19145557	+
1	3	19145566	+
4	3	19145581	+
1	3	19145584	+
1	3	19145586	+
2	3	19145587	+
2	3	19145590	+
1	3	19145593	+
1	3	19145596	+
2	3	19145685	+
2	3	19145690	+
2	3	19145705	+
1	3	19145708	+
3	3	19145714	+
3	3	19145726	+
1	3	19145729	+
3	3	19145732	+
1	3	19145735	+
3	3	19145738	+
4	3	19145741	+
1	3	19145750	+
1	3	19145753	+
1	3	19145755	+
3	3	19145756	+
1	3	19145761	+
1	3	19145764	+
1	3	19145765	+
6	3	19145768	+
1	3	19145771	+
1	3	19145772	+
1	3	19145775	+
3	3	19145777	+
1	3	19145810	+
5	3	19145819	+
2	3	19145825	+
2	3	19145837	+
1	3	19145840	+
1	3	19146253	+
1	3	19146256	+
5	3	19146259	+
1	3	19146262	+
1	3	19146268	+
1	3	19146271	+
6	3	19146274	+
5	3	19146277	+
6	3	19146282	+
3	3	19146283	+
1	3	19146289	+
2	3	19146304	+
4	3	19146310	+
4	3	19146313	+
1	3	19146322	+
1	3	19146328	+
1	3	19146330	+
3	3	19146331	+
2	3	19146343	+
1	3	19146346	+
1	3	19146349	+
1	3	19146409	+
1	3	19146412	+
2	3	19146415	+
1	3	19146418	+
1	3	19146428	+
4	3	19146448	+
2	3	19146451	+
2	3	19146457	+
3	3	19146466	+
3	3	19146469	+
1	3	19146472	+
1	3	19146478	+
2	3	19146484	+
1	3	19146500	+
2	3	19146517	+
1	3	19146520	+
1	3	19146523	+
2	3	19146526	+
1	3	19146532	+
6	3	19146535	+
1	3	19146541	+
1	3	19146547	+
1	3	19146550	+
1	3	19146559	+
1	3	19146564	+
1	3	19146568	+
1	3	19146572	+
1	3	19146580	+
1	3	19146583	+
1	3	19146584	+
3	3	19146592	+
2	3	19146598	+
1	3	19146606	+
1	3	19146613	+
1	3	19146619	+
2	3	19146622	+
2	3	19146626	+
1	3	19146628	+
1	3	19146634	+
1	3	19146637	+
3	3	19146640	+
2	3	19146643	+
2	3	19146649	+
1	3	19146651	+
2	3	19146652	+
1	3	19146664	+
3	3	19146670	+
10	3	19146673	+
3	3	19146676	+
2	3	19146679	+
3	3	19146685	+
3	3	19146687	+
1	3	19146688	+
1	3	19146691	+
1	3	19146694	+
1	3	19146705	+
3	3	19146706	+
6	3	19146709	+
1	3	19146711	+
1	3	19146712	+
5	3	19146715	+
1	3	19146718	+
1	3	19146721	+
1	3	19146724	+
3	3	19146726	+
1	3	19146727	+
2	3	19146730	+
1	3	19146736	+
2	3	19146748	+
1	3	19146757	+
1	3	19146763	+
1	3	19146769	+
1	3	19146781	+
1	3	19146784	+
2	3	19146796	+
2	3	19146829	+
1	3	19146832	+
1	3	19146835	+
1	3	19146840	+
5	3	19146850	+
1	3	19146853	+
4	3	19146856	+
1	3	19146862	+
1	3	19146865	+
4	3	19146868	+
10	3	19146871	+
1	3	19146873	+
1	3	19146874	+
5	3	19146883	+
1	3	19146892	+
1	3	19146895	+
1	3	19146897	+
1	3	19146904	+
2	3	19146913	+
4	3	19146916	+
1	3	19146940	+
2	3	19146958	+
2	3	19146964	+
3	3	19146970	+
1	3	19146976	+
2	3	19146985	+
6	3	19146988	+
1	3	19146991	+
4	3	19146994	+
1	3	19147000	+
1	3	19147009	+
1	3	19147015	+
1	3	19147030	+
1	3	19147048	+
3	3	19147078	+
1	3	19147132	+
1	3	19147135	+
1	3	19147156	+
1	3	19147164	+
2	3	19147165	+
2	3	19147167	+
1	3	19147171	+
1	3	19147174	+
1	3	19147177	+
1	3	19147180	+
1	3	19147186	+
2	3	19147198	+
2	3	19147201	+
8	3	19147204	+
1	3	19147207	+
1	3	19147210	+
4	3	19147213	+
4	3	19147216	+
4	3	19147219	+
4	3	19147222	+
2	3	19147228	+
10	3	19147237	+
1	3	19147240	+
1	3	19147252	+
3	3	19147255	+
1	3	19147256	+
4	3	19147258	+
3	3	19147261	+
1	3	19147262	+
1	3	19147267	+
4	3	19147276	+
1	3	19147279	+
3	3	19147281	+
2	3	19147291	+
3	3	19147294	+
1	3	19147300	+
2	3	19147303	+
1	3	19147306	+
2	3	19147316	+
3	3	19147400	+
1	3	19147403	+
5	3	19147406	+
2	3	19147415	+
1	3	19147418	+
1	3	19147421	+
1	3	19147451	+
1	3	19147466	+
3	3	19147496	+
2	3	19147502	+
3	3	19147505	+
1	3	19147508	+
1	3	19147511	+
1	3	19147513	+
2	3	19147514	+
1	3	19147515	+
1	3	19147516	+
2	3	19147517	+
2	3	19147538	+
1	3	19147547	+
1	3	19147553	+
1	3	19147571	+
1	3	19147573	+
3	3	19147577	+
1	3	19147580	+
1	3	19147584	+
2	3	19147592	+
5	3	19147598	+
2	3	19147599	+
1	3	19147601	+
2	3	19147610	+
1	3	19147616	+
1	3	19147622	+
1	3	19147624	+
3	3	19147625	+
1	3	19147627	+
3	3	19147631	+
1	3	19147634	+
1	3	19147637	+
1	3	19147639	+
2	3	19147640	+
1	3	19147646	+
2	3	19147670	+
1	3	19147697	+
1	3	19147715	+
3	3	19147718	+
5	3	19147721	+
1	3	19147723	+
2	3	19147724	+
1	3	19147726	+
1	3	19147727	+
3	3	19147733	+
1	3	19147734	+
6	3	19147739	+
2	3	19147742	+
2	3	19147745	+
1	3	19147748	+
1	3	19147757	+
1	3	19147760	+
2	3	19147766	+
1	3	19147768	+
7	3	19147769	+
1	3	19147874	+
1	3	19147890	+
2	3	19147909	+
6	3	19147915	+
1	3	19147918	+
1	3	19147927	+
2	3	19147940	+
1	3	19147957	+
1	3	19148948	+
9	3	19148963	+
1	3	19148996	+
10	3	19148999	+
1	3	19149005	+
4	3	19149009	+
1	3	19149135	+
1	3	19149207	+
1	3	19149210	+
2	3	19149231	+
4	3	19149234	+
1	3	19149237	+
1	3	19149241	+
3	3	19149246	+
1	3	19149249	+
4	3	19149252	+
2	3	19149255	+
1	3	19149266	-
1	3	19149270	+
1	3	19149277	+
1	3	19149294	+
2	3	19149309	+
2	3	19149342	+
4	3	19149345	+
5	3	19149351	+
2	3	19149352	+
1	3	19149354	+
1	3	19149356	+
12	3	19149357	+
1	3	19149366	+
2	3	19149369	+
9	3	19149372	+
1	3	19149404	+
1	3	19149414	+
1	3	19149486	+
1	3	19149496	+
1	3	19149498	+
1	3	19149504	+
1	3	19149508	+
1	3	19149526	+
1	3	19149537	+
1	3	19149832	+
1	3	19149855	+
1	3	19149867	+
1	3	19149870	+
1	3	19149879	+
1	3	19149924	+
2	3	19149927	+
1	3	19149936	+
1	3	19149939	+
1	3	19149942	+
1	3	19149993	+
2	3	19150008	+
1	3	19150017	+
1	3	19150217	+
1	3	19150244	+
2	3	19150247	+
1	3	19150274	+
1	3	19150277	+
4	3	19150298	+
1	3	19150308	+
1	3	19150328	+
1	3	19150330	+
1	3	19150331	+
1	3	19150409	+
1	3	19150564	+
1	3	19150592	+
1	3	19150594	+
1	3	19150597	+
1	3	19150630	+
1	3	19150764	+
2	3	19150776	+
1	3	19150793	+
1	3	19150800	+
2	3	19150842	+
1	3	19150845	+
1	3	19150850	+
2	3	19150854	+
1	3	19150904	+
1	3	19150905	+
1	3	19150986	+
1	3	19150993	+
2	3	19150995	+
3	3	19150998	+
1	3	19151001	+
1	3	19151010	+
1	3	19151025	+
1	3	19151034	+
1	3	19151046	+
1	3	19151055	+
1	3	19151067	+
2	3	19151076	+
1	3	19151079	+
2	3	19151082	+
3	3	19151355	+
1	3	19151375	+
1	3	19151379	+
1	3	19151382	+
3	3	19151385	+
3	3	19151395	+
2	3	19151424	+
3	3	19151442	+
1	3	19151459	+
1	3	19151505	+
4	3	19151571	+
1	3	19151592	+
2	3	19151604	+
1	3	19151613	+
3	3	19151628	+
1	3	19151633	+
1	3	19151634	+
3	3	19151652	+
1	3	19151670	+
1	3	19151673	+
1	3	19151688	+
1	3	19151736	+
2	3	19151741	+
1	3	19151753	+
1	3	19151760	+
1	3	19151763	+
1	3	19151766	+
1	3	19151778	+
2	3	19151802	+
3	3	19151835	+
1	3	19151841	+
1	3	19151844	+
2	3	19151880	+
1	3	19151883	+
1	3	19151907	+
1	3	19151908	+
1	3	19151910	+
2	3	19151920	+
1	3	19152573	+
1	3	19152609	+
2	3	19152640	+
2	3	19152648	+
1	3	19152670	+
1	3	19152673	+
1	3	19152685	+
1	3	19152705	+
1	3	19152722	+
1	3	19152751	+
1	3	19152780	+
1	3	19152790	+
3	3	19152793	+
1	3	19152794	+
1	3	19152805	+
1	3	19152909	+
1	3	19152981	+
1	3	19153806	+
1	3	19153843	+
1	3	19153857	+
2	3	19153927	+
5	3	19153930	+
1	3	19154104	+
1	3	19154123	+
1	3	19154133	+
2	3	19154145	+
1	3	19154166	+
1	3	19154199	+
2	3	19154202	+
1	3	19154208	+
2	3	19154220	+
2	3	19154230	+
1	3	19154250	+
1	3	19154309	+
1	3	19154324	+
1	3	19154333	+
3	3	19154345	+
1	3	19154348	+
4	3	19154351	+
1	3	19154354	+
3	3	19154363	+
2	3	19154366	+
1	3	19154381	+
1	3	19154397	+
1	3	19154399	+
3	3	19154402	+
1	3	19154404	+
1	3	19154405	+
1	3	19154407	+
5	3	19154408	+
1	3	19154414	+
1	3	19154420	+
1	3	19154435	+
1	3	19154438	+
1	3	19154441	+
2	3	19154450	+
1	3	19154453	+
1	3	19154456	+
2	3	19154465	+
1	3	19154481	+
1	3	19154498	+
2	3	19154501	+
2	3	19154507	+
1	3	19154523	+
2	3	19154525	+
2	3	19154527	+
2	3	19154528	+
1	3	19154531	+
2	3	19154555	+
1	3	19154560	+
3	3	19154561	+
1	3	19154564	+
1	3	19154572	+
1	3	19154609	+
2	3	19154612	+
3	3	19154614	+
2	3	19154615	+
1	3	19154630	+
1	3	19154633	+
1	3	19154648	+
1	3	19154665	+
1	3	19154666	+
2	3	19154669	+
6	3	19154672	+
2	3	19154674	+
8	3	19154675	+
2	3	19154678	+
1	3	19154681	+
1	3	19154697	+
1	3	19154699	+
1	3	19154700	+
1	3	19154702	+
1	3	19154705	+
1	3	19154708	+
2	3	19154711	+
1	3	19154715	+
4	3	19154726	+
1	3	19154735	+
1	3	19154737	+
1	3	19154756	+
1	3	19154795	+
1	3	19154804	+
2	3	19154810	+
1	3	19154816	+
1	3	19154824	+
1	3	19154825	+
1	3	19154828	+
1	3	19154840	+
1	3	19154858	+
1	3	19154860	+
1	3	19154864	+
1	3	19154912	+
1	3	19154921	+
2	3	19154942	+
2	3	19154951	+
1	3	19154958	+
3	3	19154969	+
2	3	19154972	+
1	3	19154975	+
2	3	19154984	+
1	3	19154990	+
2	3	19154996	+
1	3	19155005	+
2	3	19155006	+
1	3	19155011	+
2	3	19155014	+
1	3	19155023	+
1	3	19155032	+
1	3	19155047	+
1	3	19155137	+
1	3	19155164	+
1	3	19155185	+
1	3	19155191	+
4	3	19155227	+
1	3	19155228	+
1	3	19155230	+
1	3	19155242	+
1	3	19155245	+
1	3	19155263	+
1	3	19155266	+
1	3	19155311	+
1	3	19155328	+
2	3	19155329	+
1	3	19155338	+
1	3	19155389	+
1	3	19155404	+
2	3	19155410	+
2	3	19155415	+
1	3	19155416	+
1	3	19155422	+
1	3	19155425	+
4	3	19155431	+
1	3	19155458	+
1	3	19155464	+
1	3	19155473	+
1	3	19155491	+
1	3	19155494	+
1	3	19155497	+
1	3	19155530	+
1	3	19155545	+
2	3	19155554	+
2	3	19155557	+
1	3	19155563	+
2	3	19155569	+
1	3	19155578	+
1	3	19155580	+
1	3	19155584	+
1	3	19155593	+
1	3	19155623	+
1	3	19155637	+
1	3	19155638	+
2	3	19155656	+
1	3	19155659	+
1	3	19155662	+
1	3	19155677	+
1	3	19155683	+
1	3	19155706	+
2	3	19155707	+
4	3	19155722	+
1	3	19155731	+
6	3	19155764	+
3	3	19155767	+
1	3	19155768	+
1	3	19155976	+
1	3	19155979	+
1	3	19155988	+
1	3	19156004	+
1	3	19156009	+
1	3	19156012	+
1	3	19156021	+
1	3	19156024	+
2	3	19156030	+
1	3	19156042	+
1	3	19156051	+
1	3	19156069	+
2	3	19156075	+
3	3	19156078	+
1	3	19156096	+
1	3	19156098	+
1	3	19156099	+
1	3	19156121	+
1	3	19156132	+
1	3	19156134	+
2	3	19156144	+
1	3	19156147	+
1	3	19156180	+
1	3	19156183	+
1	3	19156192	+
1	3	19156216	+
1	3	19156225	+
1	3	19156240	+
1	3	19156243	+
1	3	19156255	+
1	3	19156264	+
1	3	19156267	+
1	3	19156270	+
2	3	19156273	+
1	3	19156279	+
1	3	19156285	+
1	3	19156291	+
4	3	19156294	+
1	3	19156297	+
1	3	19156300	+
2	3	19156312	+
2	3	19156315	+
1	3	19156318	+
1	3	19156319	+
1	3	19156321	+
3	3	19156327	+
4	3	19156330	+
5	3	19156333	+
1	3	19156339	+
1	3	19156345	+
1	3	19156348	+
1	3	19156352	+
2	3	19156369	+
1	3	19156370	+
1	3	19156382	+
1	3	19156384	+
1	3	19156390	+
1	3	19156396	+
2	3	19156411	+
5	3	19156414	+
2	3	19156417	+
2	3	19156423	+
3	3	19156447	+
2	3	19156451	+
2	3	19156453	+
1	3	19156459	+
1	3	19156462	+
1	3	19156465	+
1	3	19156468	+
1	3	19156486	+
1	3	19156498	+
1	3	19156519	+
1	3	19156525	+
1	3	19156534	+
1	3	19156572	+
2	3	19156573	+
2	3	19156579	+
8	3	19156585	+
5	3	19156588	+
3	3	19156591	+
1	3	19156594	+
1	3	19156597	+
1	3	19156599	+
2	3	19156606	+
1	3	19156627	+
2	3	19156630	+
1	3	19156634	+
2	3	19156639	+
1	3	19156642	+
1	3	19156648	+
1	3	19156651	+
1	3	19156663	+
2	3	19156666	+
1	3	19156668	+
2	3	19156684	+
1	3	19156687	+
1	3	19156690	+
1	3	19156693	+
10	3	19156699	+
2	3	19156702	+
2	3	19156708	+
2	3	19156711	+
1	3	19156713	+
9	3	19156714	+
1	3	19156720	+
1	3	19156756	+
1	3	19156768	+
1	3	19156771	+
2	3	19156774	+
1	3	19156780	+
2	3	19156789	+
1	3	19156792	+
1	3	19156801	+
1	3	19156806	+
2	3	19156831	+
1	3	19156834	+
1	3	19156840	+
1	3	19156855	+
1	3	19156858	+
1	3	19156876	+
2	3	19156897	+
2	3	19156900	+
2	3	19156903	+
1	3	19156921	+
2	3	19156930	+
2	3	19156933	+
1	3	19157105	+
2	3	19157111	+
1	3	19157129	+
1	3	19157130	+
1	3	19157283	+
1	3	19157728	+
1	3	19157756	+
1	3	19157761	+
1	3	19157820	+
1	3	19157881	+
1	3	19157890	+
1	3	19157896	+
1	3	19157956	+
1	3	19157960	+
1	3	19158974	+
1	3	19158993	+
5	3	19159091	+
1	3	19159248	+
1	3	19159249	+
1	3	19159288	+
6	3	19159306	+
1	3	19159327	+
1	3	19159350	+
2	3	19159366	+
7	3	19159464	+
1	3	19159473	+
1	3	19159488	+
2	3	19159500	+
1	3	19159503	+
1	3	19159506	+
1	3	19159509	+
1	3	19159515	+
2	3	19159519	+
1	3	19159521	+
1	3	19159524	+
4	3	19159530	+
2	3	19159536	+
1	3	19159559	+
2	3	19159560	+
3	3	19159563	+
3	3	19159569	+
1	3	19159574	+
3	3	19159575	+
1	3	19159576	+
1	3	19159578	+
1	3	19159581	+
1	3	19159592	+
2	3	19159597	+
1	3	19159599	+
1	3	19159608	+
1	3	19159614	+
1	3	19159630	+
1	3	19159650	+
4	3	19159656	+
1	3	19159662	+
1	3	19159680	+
2	3	19159683	+
2	3	19159707	+
1	3	19159709	+
1	3	19159710	+
1	3	19159713	+
1	3	19159715	+
4	3	19159716	+
1	3	19159719	+
2	3	19159728	+
1	3	19159743	+
2	3	19159752	+
2	3	19159758	+
2	3	19159761	+
2	3	19159767	+
2	3	19159776	+
1	3	19159809	+
1	3	19159812	+
1	3	19159815	+
1	3	19159818	+
2	3	19159821	+
2	3	19159827	+
2	3	19159830	+
2	3	19159836	+
1	3	19159848	+
1	3	19159854	+
2	3	19159863	+
2	3	19159871	+
1	3	19159875	+
2	3	19159880	+
4	3	19159881	+
4	3	19159893	+
6	3	19159953	+
1	3	19159956	+
1	3	19159966	+
3	3	19159977	+
2	3	19159980	+
1	3	19159982	+
1	3	19159983	+
4	3	19159989	+
1	3	19160013	+
1	3	19160016	+
2	3	19160043	+
1	3	19160058	+
2	3	19160076	+
1	3	19160091	+
1	3	19160115	+
2	3	19160123	+
2	3	19160124	+
1	3	19160130	+
2	3	19160133	+
2	3	19160139	+
2	3	19160140	+
1	3	19160145	+
1	3	19160148	+
1	3	19160154	+
5	3	19160160	+
2	3	19160163	+
1	3	19160175	+
2	3	19160178	+
1	3	19160185	+
2	3	19160190	+
1	3	19160192	+
1	3	19160199	+
1	3	19160202	+
1	3	19160271	+
1	3	19160289	+
1	3	19160367	+
2	3	19160382	+
2	3	19160400	+
3	3	19160424	+
2	3	19160430	+
1	3	19160442	+
1	3	19160445	+
2	3	19160469	+
1	3	19160472	+
1	3	19160493	+
1	3	19160499	+
1	3	19160505	+
1	3	19160569	+
2	3	19160580	+
2	3	19160586	+
1	3	19160589	+
1	3	19160601	+
2	3	19160607	+
3	3	19160619	+
2	3	19160634	+
3	3	19160637	+
1	3	19160646	+
1	3	19160667	+
1	3	19160670	+
2	3	19160676	+
4	3	19160709	+
1	3	19160711	+
3	3	19160712	+
2	3	19160715	+
1	3	19160718	+
1	3	19160721	+
1	3	19160724	+
2	3	19160739	+
1	3	19160742	+
1	3	19160772	+
1	3	19160775	+
1	3	19160778	+
1	3	19160779	+
1	3	19160781	+
2	3	19160787	+
1	3	19160790	+
1	3	19160811	+
2	3	19160814	+
1	3	19160820	+
2	3	19160825	+
1	3	19160835	+
1	3	19160839	+
1	3	19160841	+
1	3	19160847	+
1	3	19160849	+
1	3	19160850	+
1	3	19160856	+
1	3	19160868	+
1	3	19160870	+
1	3	19160871	+
5	3	19160877	+
2	3	19160880	+
1	3	19160883	+
1	3	19160899	+
11	3	19160919	+
1	3	19160922	+
1	3	19161112	+
1	3	19161115	+
1	3	19161133	+
1	3	19161137	+
1	3	19161148	+
1	3	19161151	+
1	3	19161163	+
2	3	19161169	+
1	3	19161181	+
2	3	19161184	+
1	3	19161190	+
2	3	19161199	+
2	3	19161202	+
2	3	19161211	+
2	3	19161219	+
1	3	19161220	+
1	3	19161223	+
2	3	19161235	+
1	3	19161241	+
1	3	19161250	+
2	3	19161253	+
1	3	19161265	+
2	3	19161277	+
2	3	19161280	+
3	3	19161295	+
3	3	19161298	+
3	3	19161304	+
2	3	19161325	+
2	3	19161326	+
3	3	19161331	+
1	3	19161332	+
4	3	19161349	+
1	3	19161355	+
1	3	19161373	+
1	3	19161376	+
2	3	19161379	+
2	3	19161382	+
1	3	19161385	+
2	3	19161388	+
1	3	19161402	+
1	3	19161421	+
3	3	19161424	+
2	3	19161433	+
1	3	19161440	+
1	3	19161444	+
1	3	19161445	+
1	3	19161448	+
2	3	19161451	+
1	3	19161454	+
1	3	19161460	+
1	3	19161463	+
2	3	19161466	+
4	3	19161472	+
4	3	19161478	+
2	3	19161481	+
1	3	19161484	+
1	3	19161487	+
1	3	19161492	+
1	3	19161493	+
1	3	19161499	+
1	3	19161502	+
4	3	19161514	+
5	3	19161517	+
1	3	19161526	+
2	3	19161528	+
1	3	19161529	+
2	3	19161538	+
2	3	19161544	+
2	3	19161547	+
1	3	19161550	+
2	3	19161556	+
2	3	19161580	+
1	3	19161584	+
1	3	19161589	+
2	3	19161595	+
3	3	19161598	+
1	3	19161619	+
1	3	19161650	+
1	3	19161652	+
2	3	19161658	+
1	3	19161659	+
2	3	19161664	+
1	3	19161667	+
1	3	19161670	+
1	3	19161709	+
3	3	19161721	+
5	3	19161724	+
1	3	19161739	+
1	3	19161742	+
1	3	19161746	+
1	3	19161760	+
2	3	19161763	+
1	3	19161769	+
2	3	19161778	+
1	3	19161781	+
2	3	19161784	+
1	3	19161787	+
1	3	19161793	+
4	3	19161799	+
1	3	19161805	+
9	3	19161832	+
3	3	19161835	+
2	3	19161841	+
3	3	19161844	+
10	3	19161847	+
3	3	19161856	+
1	3	19161859	+
2	3	19161863	+
1	3	19161892	+
2	3	19161910	+
1	3	19161922	+
1	3	19161925	+
1	3	19161928	+
2	3	19161934	+
1	3	19161946	+
7	3	19161952	+
3	3	19161964	+
1	3	19162024	+
1	3	19162028	+
4	3	19162030	+
1	3	19162031	+
1	3	19162035	+
1	3	19162036	+
1	3	19162057	+
1	3	19162063	+
4	3	19162066	+
3	3	19162181	+
1	3	19162211	+
2	3	19162212	+
1	3	19162214	+
1	3	19162226	+
1	3	19162241	+
1	3	19162244	+
1	3	19162332	+
3	3	19164233	-
16	3	19164234	-
1	3	19164236	-
3	3	19164237	-
18	3	19164240	-
3	3	19164242	-
6	3	19164246	-
4	3	19164248	-
3	3	19164249	-
1	3	19164261	-
7	3	19164276	-
1	3	19164278	-
4	3	19164279	-
3	3	19164282	-
4	3	19164285	-
2	3	19164288	-
1	3	19164293	-
1	3	19164300	-
1	3	19164303	-
1	3	19164309	-
1	3	19164315	-
2	3	19164318	-
1	3	19164321	-
9	3	19164324	-
1	3	19164327	-
2	3	19164330	-
1	3	19164337	-
3	3	19164338	-
11	3	19164339	-
1	3	19164341	-
6	3	19164342	-
1	3	19164347	-
7	3	19164348	-
2	3	19164349	-
2	3	19164351	-
1	3	19164353	-
8	3	19164354	-
9	3	19164360	-
1	3	19164364	-
4	3	19164366	-
1	3	19164369	-
4	3	19164372	-
6	3	19164375	-
1	3	19164381	-
1	3	19164382	-
2	3	19164387	-
14	3	19164390	-
2	3	19164391	-
1	3	19164405	-
3	3	19164408	-
1	3	19164417	-
1	3	19164432	-
2	3	19164438	-
1	3	19164448	-
1	3	19164450	-
2	3	19164453	-
3	3	19164454	-
1	3	19164455	-
5	3	19164456	-
2	3	19164475	-
2	3	19164968	-
2	3	19164971	-
2	3	19164972	-
1	3	19164974	-
1	3	19164992	-
1	3	19164995	-
1	3	19164998	-
2	3	19165004	-
3	3	19165007	-
1	3	19165010	-
1	3	19165021	-
9	3	19165022	-
14	3	19165025	-
2	3	19165026	-
1	3	19165031	-
2	3	19165033	-
1	3	19165055	-
2	3	19165058	-
1	3	19165059	-
1	3	19165061	-
2	3	19165064	-
2	3	19165068	-
1	3	19165070	-
1	3	19165071	-
4	3	19165076	-
2	3	19165103	-
1	3	19165106	-
1	3	19165119	-
1	3	19165123	-
1	3	19165230	+
1	3	19165547	-
1	3	19168798	+
3	3	19168876	+
5	3	19168912	+
1	3	19168915	+
2	3	19168921	+
1	3	19168927	+
5	3	19168933	+
3	3	19168939	+
8	3	19168945	+
3	3	19168948	+
2	3	19168951	+
3	3	19168954	+
4	3	19168957	+
1	3	19168966	+
1	3	19168968	+
1	3	19168969	+
1	3	19168971	+
10	3	19168972	+
1	3	19168975	+
2	3	19168978	+
2	3	19168984	+
1	3	19168985	+
9	3	19168987	+
8	3	19168990	+
3	3	19168992	+
4	3	19168993	+
1	3	19168994	+
8	3	19168996	+
2	3	19168999	+
5	3	19169005	+
18	3	19169008	+
23	3	19169011	+
1	3	19169012	+
26	3	19169014	+
3	3	19169015	+
1	3	19169016	+
14	3	19169017	+
6	3	19169020	+
1	3	19169022	+
2	3	19169025	+
7	3	19169026	+
5	3	19169029	+
6	3	19169032	+
6	3	19169038	+
1	3	19169042	+
3	3	19169044	+
6	3	19169047	+
4	3	19169050	+
9	3	19169053	+
2	3	19169056	+
4	3	19169059	+
1	3	19169060	+
2	3	19169061	+
2	3	19169062	+
3	3	19169064	+
14	3	19169065	+
4	3	19169068	+
1	3	19169069	+
1	3	19169070	+
2	3	19169071	+
5	3	19169074	+
11	3	19169077	+
2	3	19169080	+
3	3	19169086	+
1	3	19169091	+
2	3	19169098	+
1	3	19169100	+
9	3	19169101	+
1	3	19169104	+
1	3	19169106	+
14	3	19169107	+
1	3	19169113	+
2	3	19169115	+
13	3	19169116	+
1	3	19169117	+
3	3	19169119	+
4	3	19169146	+
16	3	19169149	+
3	3	19169151	+
39	3	19169152	+
3	3	19169153	+
23	3	19169155	+
10	3	19169158	+
2	3	19169159	+
5	3	19169161	+
3	3	19169164	+
1	3	19169166	+
3	3	19169167	+
1	3	19169168	+
4	3	19169170	+
11	3	19169173	+
3	3	19169176	+
4	3	19169178	+
3	3	19169179	+
2	3	19169181	+
20	3	19169182	+
2	3	19169183	+
1	3	19169184	+
5	3	19169185	+
5	3	19169188	+
3	3	19169191	+
12	3	19169194	+
5	3	19169196	+
30	3	19169197	+
5	3	19169198	+
1	3	19169199	+
3	3	19169200	+
2	3	19169202	+
11	3	19169203	+
2	3	19169206	+
15	3	19169209	+
34	3	19169212	+
11	3	19169213	+
2	3	19169214	+
6	3	19169215	+
9	3	19169218	+
1	3	19169220	+
17	3	19169221	+
1	3	19169227	+
1	3	19169230	+
1	3	19169233	+
1	3	19169239	+
4	3	19169245	+
1	3	19169248	+
1	3	19169252	+
1	3	19169256	+
9	3	19169257	+
2	3	19169258	+
12	3	19169260	+
1	3	19169262	+
1	3	19169263	+
8	3	19169266	+
1	3	19169274	+
17	3	19169275	+
2	3	19169277	+
13	3	19169278	+
1	3	19169279	+
1	3	19169280	+
1	3	19169281	+
1	3	19169282	+
13	3	19169284	+
3	3	19169287	+
1	3	19169290	+
5	3	19169299	+
1	3	19169301	+
2	3	19169305	+
4	3	19169308	+
3	3	19169311	+
5	3	19169314	+
1	3	19169316	+
58	3	19169317	+
3	3	19169318	+
19	3	19169320	+
1	3	19169322	+
1	3	19169328	+
2	3	19169332	+
2	3	19169333	+
5	3	19169335	+
1	3	19169336	+
2	3	19169337	+
4	3	19169338	+
13	3	19169341	+
1	3	19169343	+
12	3	19169344	+
2	3	19169347	+
4	3	19169350	+
1	3	19169351	+
2	3	19169353	+
1	3	19169356	+
7	3	19169359	+
1	3	19169360	+
1	3	19169361	+
22	3	19169362	+
9	3	19169365	+
3	3	19169368	+
1	3	19169370	+
6	3	19169371	+
9	3	19169374	+
16	3	19169377	+
2	3	19169380	+
4	3	19169383	+
4	3	19169395	+
1	3	19169397	+
3	3	19169398	+
6	3	19169407	+
1	3	19169408	+
2	3	19169410	+
1	3	19169412	+
1	3	19169413	+
2	3	19169416	+
14	3	19169419	+
4	3	19169420	+
6	3	19169421	+
53	3	19169422	+
2	3	19169423	+
20	3	19169425	+
2	3	19169427	+
20	3	19169428	+
3	3	19169430	+
18	3	19169431	+
3	3	19169434	+
2	3	19169437	+
1	3	19169440	+
1	3	19169446	+
1	3	19169449	+
2	3	19169458	+
1	3	19169461	+
8	3	19169464	+
43	3	19169467	+
1	3	19169470	+
6	3	19169473	+
1	3	19169484	+
9	3	19169485	+
4	3	19169494	+
4	3	19169497	+
4	3	19169500	+
2	3	19169502	+
21	3	19169503	+
1	3	19169506	+
2	3	19169507	+
2	3	19169508	+
7	3	19169509	+
2	3	19169510	+
2	3	19169512	+
1	3	19169513	+
2	3	19169514	+
5	3	19169515	+
3	3	19169518	+
6	3	19169521	+
6	3	19169524	+
2	3	19169526	+
25	3	19169527	+
2	3	19169529	+
3	3	19169530	+
1	3	19169531	+
4	3	19169533	+
1	3	19169534	+
1	3	19169535	+
6	3	19169536	+
3	3	19169539	+
1	3	19169542	+
10	3	19169545	+
1	3	19169547	+
11	3	19169548	+
2	3	19169549	+
3	3	19169551	+
1	3	19169553	+
3	3	19169554	+
5	3	19169557	+
4	3	19169560	+
2	3	19169562	+
11	3	19169563	+
15	3	19169566	+
2	3	19169567	+
1	3	19169568	+
17	3	19169569	+
9	3	19169572	+
9	3	19169575	+
1	3	19169583	+
1	3	19169586	+
18	3	19169587	+
3	3	19169590	+
2	3	19169593	+
1	3	19169595	+
2	3	19169596	+
5	3	19169599	+
1	3	19169600	+
1	3	19169601	+
4	3	19169602	+
3	3	19169605	+
2	3	19169606	+
27	3	19169608	+
2	3	19169610	+
31	3	19170127	+
2	3	19170129	+
20	3	19170130	+
3	3	19170131	+
5	3	19170133	+
7	3	19170136	+
5	3	19170139	+
38	3	19170142	+
6	3	19170144	+
24	3	19170145	+
1	3	19170147	+
8	3	19170148	+
1	3	19170150	+
1	3	19170151	+
2	3	19170153	+
1	3	19170154	+
20	3	19170157	+
1	3	19170158	+
2	3	19170159	+
5	3	19170160	+
1	3	19170162	+
8	3	19170163	+
1	3	19170165	+
8	3	19170166	+
3	3	19170167	+
1	3	19170168	+
24	3	19170169	+
5	3	19170170	+
2	3	19170175	+
2	3	19170178	+
1	3	19170179	+
2	3	19170180	+
29	3	19170181	+
2	3	19170182	+
1	3	19170183	+
5	3	19170184	+
9	3	19170187	+
1	3	19170188	+
6	3	19170190	+
11	3	19170193	+
11	3	19170196	+
3	3	19170199	+
2	3	19170201	+
30	3	19170202	+
4	3	19170203	+
3	3	19170204	+
3	3	19170205	+
8	3	19170208	+
1	3	19170209	+
7	3	19170211	+
2	3	19170219	+
4	3	19170220	+
1	3	19170222	+
11	3	19170223	+
2	3	19170229	+
1	3	19170235	+
1	3	19170237	+
2	3	19170238	+
3	3	19170241	+
1	3	19170244	+
1	3	19170246	+
7	3	19170247	+
2	3	19170249	+
8	3	19170250	+
2	3	19170251	+
1	3	19170266	+
18	3	19170346	+
2	3	19170348	+
12	3	19170349	+
2	3	19170353	+
1	3	19170355	+
4	3	19170358	+
11	3	19170361	+
1	3	19170363	+
32	3	19170364	+
6	3	19170367	+
4	3	19170370	+
1	3	19170372	+
2	3	19170373	+
1	3	19170388	+
5	3	19170391	+
1	3	19170392	+
1	3	19170393	+
3	3	19170394	+
23	3	19170397	+
2	3	19170400	+
1	3	19170401	+
1	3	19170402	+
6	3	19170403	+
1	3	19170404	+
11	3	19170409	+
1	3	19170410	+
1	3	19170424	+
5	3	19170430	+
1	3	19170432	+
3	3	19170433	+
1	3	19170436	+
5	3	19170439	+
1	3	19170441	+
3	3	19170442	+
1	3	19170444	+
4	3	19170445	+
1	3	19170448	+
1	3	19170458	+
5	3	19170460	+
1	3	19170461	+
1	3	19170462	+
14	3	19170463	+
3	3	19170464	+
1	3	19170465	+
13	3	19170466	+
2	3	19170469	+
5	3	19170472	+
3	3	19170478	+
1	3	19170481	+
1	3	19170589	+
2	3	19170594	+
6	3	19170597	+
8	3	19170600	+
11	3	19170603	+
2	3	19170604	+
4	3	19170606	+
1	3	19170609	+
2	3	19170624	+
1	3	19170639	+
1	3	19170640	+
5	3	19170642	+
1	3	19170644	+
2	3	19170645	+
4	3	19170648	+
12	3	19170651	+
3	3	19170652	+
2	3	19170654	+
1	3	19170655	+
2	3	19170656	+
8	3	19170657	+
9	3	19170660	+
1	3	19170661	+
8	3	19170663	+
4	3	19170666	+
3	3	19170669	+
1	3	19170670	+
3	3	19170672	+
3	3	19170675	+
4	3	19170677	+
7	3	19170678	+
2	3	19170680	+
15	3	19170681	+
1	3	19170682	+
1	3	19170683	+
9	3	19170684	+
10	3	19170687	+
16	3	19170689	+
26	3	19170690	+
1	3	19170691	+
1	3	19170692	+
11	3	19170693	+
1	3	19170694	+
3	3	19170696	+
3	3	19170702	+
4	3	19170705	+
3	3	19170707	+
31	3	19170708	+
11	3	19170711	+
2	3	19170717	+
5	3	19170720	+
2	3	19170723	+
7	3	19170729	+
2	3	19170732	+
22	3	19170735	+
7	3	19170738	+
1	3	19170739	+
6	3	19170741	+
1	3	19170742	+
2	3	19170743	+
8	3	19170744	+
6	3	19170745	+
3	3	19170750	+
1	3	19170756	+
5	3	19170762	+
4	3	19170765	+
1	3	19170767	+
1	3	19170768	+
1	3	19170774	+
1	3	19170775	+
1	3	19170777	+
1	3	19170781	+
1	3	19170783	+
28	3	19170786	+
3	3	19170789	+
18	3	19170792	+
2	3	19170795	+
4	3	19170798	+
2	3	19170799	+
1	3	19170800	+
16	3	19170801	+
2	3	19170803	+
7	3	19170804	+
16	3	19170807	+
2	3	19170811	+
3	3	19170813	+
7	3	19170819	+
10	3	19170822	+
2	3	19170823	+
5	3	19170825	+
2	3	19170827	+
1	3	19170828	+
5	3	19170831	+
14	3	19170834	+
1	3	19170835	+
4	3	19170837	+
11	3	19170840	+
3	3	19170842	+
5	3	19170843	+
2	3	19170844	+
1	3	19173627	-
1	3	19173654	-
1	3	19173675	-
3	3	19173681	-
1	3	19173688	-
2	3	19173735	-
1	3	19173798	-
1	3	19173840	-
1	3	19173855	-
1	3	19173876	-
3	3	19174107	-
1	3	19174208	-
2	3	19174269	-
1	3	19174314	-
1	3	19174329	-
3	3	19174353	-
1	3	19174374	-
1	3	19174592	-
1	3	19174607	-
1	3	19182344	+
1	3	19182484	+
1	3	19182520	+
1	3	19182625	+
1	3	19182646	+
1	3	19182745	+
1	3	19182787	+
1	3	19182799	+
2	3	19182823	+
1	3	19183007	+
1	3	19183040	+
2	3	19183043	+
1	3	19183058	+
1	3	19183059	+
1	3	19183064	+
1	3	19183073	+
3	3	19183088	+
1	3	19183115	+
2	3	19183145	+
3	3	19183178	+
1	3	19183211	+
1	3	19183216	+
1	3	19183238	+
1	3	19183247	+
1	3	19183262	+
1	3	19183295	+
1	3	19183301	+
1	3	19183307	+
1	3	19183325	+
1	3	19183328	+
1	3	19183340	+
1	3	19183367	+
2	3	19183376	+
3	3	19183379	+
2	3	19183385	+
1	3	19183403	+
1	3	19183496	+
2	3	19183547	+
1	3	19183553	+
1	3	19183559	+
1	3	19183574	+
1	3	19183577	+
2	3	19183586	+
1	3	19183589	+
2	3	19183598	+
1	3	19183604	+
1	3	19183606	+
3	3	19183637	+
1	3	19183640	+
1	3	19183697	+
1	3	19183703	+
1	3	19183784	+
1	3	19183793	+
2	3	19183796	+
1	3	19183808	+
1	3	19183811	+
3	3	19183814	+
1	3	19183865	+
1	3	19183889	+
2	3	19183913	+
1	3	19183916	+
1	3	19183919	+
1	3	19183964	+
1	3	19183985	+
1	3	19183989	+
1	3	19185106	+
2	3	19185119	+
1	3	19185169	+
3	3	19185173	+
1	3	19185176	+
1	3	19185192	+
4	3	19185221	+
1	3	19185227	+
1	3	19185245	+
2	3	19185248	+
4	3	19185251	+
2	3	19185257	+
1	3	19185436	+
2	3	19185441	+
5	3	19185442	+
1	3	19185445	+
1	3	19185463	+
1	3	19185475	+
2	3	19185478	+
2	3	19185481	+
1	3	19185486	+
2	3	19185489	+
4	3	19185490	+
2	3	19185493	+
5	3	19185514	+
1	3	19185516	+
2	3	19185517	+
3	3	19185520	+
4	3	19185523	+
1	3	19185526	+
1	3	19185535	+
1	3	19185536	+
2	3	19185541	+
1	3	19185544	+
1	3	19185559	+
1	3	19185562	+
2	3	19185565	+
4	3	19185598	+
3	3	19185601	+
3	3	19185604	+
1	3	19185607	+
1	3	19185610	+
3	3	19185618	+
5	3	19185619	+
2	3	19185628	+
3	3	19185631	+
3	3	19185633	+
16	3	19185634	+
3	3	19185640	+
8	3	19185643	+
4	3	19185646	+
2	3	19185649	+
8	3	19185655	+
1	3	19185658	+
2	3	19185661	+
2	3	19185662	+
4	3	19185664	+
2	3	19185667	+
1	3	19185675	+
1	3	19185676	+
1	3	19185679	+
2	3	19185683	+
3	3	19185685	+
2	3	19185687	+
7	3	19185688	+
2	3	19185691	+
1	3	19185698	+
1	3	19185699	+
1	3	19185700	+
1	3	19185701	-
1	3	19185721	+
1	3	19185723	+
3	3	19185724	+
1	3	19185728	+
1	3	19185729	+
1	3	19185730	+
3	3	19185733	+
2	3	19185734	-
1	3	19185736	+
6	3	19185739	+
13	3	19185742	+
2	3	19185745	+
2	3	19185751	+
3	3	19185754	+
1	3	19185760	+
1	3	19185766	+
7	3	19185769	+
5	3	19185772	+
1	3	19185773	+
1	3	19185774	+
6	3	19185775	+
1	3	19185776	+
15	3	19185778	+
5	3	19185784	+
3	3	19185790	+
1	3	19185791	+
2	3	19185792	+
4	3	19185793	+
5	3	19185794	+
1	3	19185805	+
10	3	19185808	+
1	3	19185811	+
1	3	19185814	+
1	3	19185817	+
2	3	19185820	+
3	3	19185826	+
1	3	19185835	+
3	3	19185841	+
1	3	19185844	+
1	3	19185847	+
1	3	19185850	+
1	3	19185852	+
5	3	19185853	+
1	3	19185854	+
2	3	19185856	+
1	3	19185859	+
1	3	19185862	+
1	3	19185868	+
3	3	19185874	+
1	3	19185880	+
2	3	19185883	+
2	3	19185886	+
3	3	19185889	+
3	3	19185895	+
1	3	19185901	+
3	3	19185906	+
5	3	19185907	+
1	3	19185916	+
4	3	19185922	+
5	3	19185925	+
1	3	19185934	+
2	3	19185946	+
1	3	19185952	+
2	3	19185958	+
1	3	19185961	+
1	3	19185970	+
2	3	19185973	+
1	3	19185976	+
4	3	19186024	+
1	3	19186030	+
3	3	19186033	+
3	3	19186036	+
10	3	19186039	+
1	3	19186042	+
1	3	19186043	+
1	3	19186044	+
6	3	19186048	+
1	3	19186050	+
4	3	19186051	+
6	3	19186054	+
4	3	19186057	+
1	3	19186059	+
7	3	19186060	+
1	3	19186063	+
3	3	19186066	+
1	3	19186069	+
1	3	19186078	+
4	3	19186099	+
1	3	19186102	+
5	3	19186156	+
4	3	19186159	+
1	3	19186162	+
3	3	19186165	+
1	3	19186167	+
3	3	19186168	+
4	3	19186171	+
2	3	19186174	+
2	3	19186177	+
17	3	19186180	+
1	3	19186183	+
1	3	19186185	-
1	3	19186187	+
1	3	19186189	+
5	3	19186192	+
1	3	19186195	+
6	3	19186198	+
3	3	19186201	+
3	3	19186204	+
3	3	19186210	+
6	3	19186213	+
1	3	19186216	+
1	3	19186219	+
1	3	19186228	+
1	3	19186231	+
1	3	19186234	+
1	3	19186237	+
3	3	19186255	+
1	3	19186264	+
1	3	19186266	+
4	3	19186267	+
1	3	19186282	+
1	3	19186288	+
4	3	19186291	+
2	3	19186297	+
1	3	19186300	+
4	3	19186303	+
5	3	19186309	+
1	3	19186328	+
1	3	19186330	+
1	3	19186333	+
1	3	19186339	+
1	3	19186342	+
2	3	19186357	+
1	3	19186367	+
1	3	19186369	+
1	3	19186372	+
3	3	19186375	+
3	3	19186378	+
1	3	19186381	+
4	3	19186384	+
1	3	19186390	+
1	3	19186435	+
1	3	19186441	+
1	3	19186444	+
3	3	19186447	+
1	3	19186450	+
2	3	19186452	+
6	3	19186453	+
1	3	19186455	+
1	3	19186456	+
2	3	19186459	+
1	3	19186466	+
1	3	19186468	+
1	3	19186471	+
2	3	19186478	+
1	3	19186479	+
1	3	19186482	+
4	3	19186483	+
2	3	19186486	+
4	3	19186492	+
2	3	19186495	+
1	3	19186507	+
3	3	19186510	+
4	3	19186514	+
1	3	19186787	+
3	3	19186788	+
1	3	19186799	+
1	3	19186800	+
3	3	19186814	+
1	3	19186815	+
1	3	19186819	+
1	3	19186834	+
1	3	19186838	+
2	3	19186847	+
1	3	19186851	+
5	3	19186852	+
1	3	19186969	+
4	3	19186970	+
1	3	19186971	+
1	3	19186976	+
1	3	19186977	+
1	3	19186978	+
23	3	19186979	+
7	3	19186981	+
12	3	19186982	+
3	3	19186985	+
7	3	19186988	+
22	3	19186991	+
1	3	19186992	+
14	3	19186994	+
1	3	19186997	+
3	3	19187003	+
1	3	19187006	+
1	3	19187008	+
2	3	19187009	+
1	3	19187012	+
22	3	19187015	+
10	3	19187018	+
1	3	19187021	+
3	3	19187027	+
23	3	19187030	+
1	3	19187031	+
21	3	19187033	+
1	3	19187034	+
4	3	19187035	+
11	3	19187036	+
21	3	19187039	+
10	3	19187042	+
1	3	19187043	+
7	3	19187045	+
2	3	19187046	+
13	3	19187048	+
1	3	19187049	+
1	3	19187050	+
18	3	19187051	+
3	3	19187053	+
9	3	19187054	+
1	3	19187055	+
2	3	19187056	+
26	3	19187057	+
19	3	19187060	+
1	3	19187176	+
42	3	19187293	+
17	3	19187296	+
1	3	19187297	+
11	3	19187299	+
2	3	19187301	+
78	3	19187302	+
1	3	19187303	+
3	3	19187304	+
86	3	19187305	+
1	3	19187306	+
1	3	19187308	+
32	3	19187311	+
10	3	19187312	+
95	3	19187314	+
1	3	19187315	+
17	3	19187317	+
1	3	19187318	+
4	3	19187319	+
75	3	19187320	+
4	3	19187321	+
2	3	19187322	+
26	3	19187323	+
10	3	19187326	+
3	3	19187332	+
15	3	19187335	+
2	3	19187336	+
7	3	19187338	+
1	3	19187339	+
1	3	19187340	+
15	3	19187341	+
2	3	19187344	+
3	3	19187345	+
1	3	19187346	+
25	3	19187347	+
1	3	19187349	+
39	3	19187350	+
1	3	19187352	+
7	3	19187353	+
2	3	19187354	+
1	3	19187355	+
22	3	19187356	+
1	3	19187357	+
2	3	19187359	+
7	3	19187362	+
1	3	19187363	+
6	3	19187365	+
8	3	19187368	+
2	3	19187370	+
24	3	19187371	+
9	3	19187374	+
1	3	19187377	+
68	3	19187380	+
6	3	19187381	+
2	3	19187383	+
3	3	19187386	+
1	3	19187393	+
1	3	19187394	+
1	3	19187395	+
1	3	19187396	+
13	3	19187398	+
21	3	19187401	+
4	3	19187407	+
4	3	19187409	+
45	3	19187410	+
2	3	19187411	+
5	3	19187413	+
7	3	19187414	+
14	3	19187416	+
1	3	19187418	+
19	3	19187419	+
3	3	19187422	+
2	3	19187423	+
2	3	19187431	+
2	3	19187434	+
1	3	19187435	+
3	3	19187437	+
1	3	19187438	+
1	3	19187451	+
7	3	19187556	+
5	3	19187559	+
5	3	19187562	+
2	3	19187565	+
3	3	19187568	+
4	3	19187571	+
1	3	19187572	+
4	3	19187576	+
68	3	19187577	+
2	3	19187578	+
2	3	19187579	+
26	3	19187580	+
3	3	19187581	+
8	3	19187583	+
2	3	19187586	+
4	3	19187589	+
1	3	19187590	+
10	3	19187592	+
7	3	19187595	+
13	3	19187601	+
4	3	19187602	+
11	3	19187607	+
1	3	19187609	+
15	3	19187610	+
5	3	19187611	+
1	3	19187612	+
16	3	19187613	+
8	3	19187614	+
1	3	19187615	+
16	3	19187616	+
9	3	19187619	+
3	3	19187622	+
7	3	19187625	+
7	3	19187628	+
1	3	19187630	+
8	3	19187631	+
1	3	19187633	+
12	3	19187634	+
2	3	19187635	+
1	3	19187636	+
18	3	19187637	+
1	3	19187639	+
34	3	19187640	+
3	3	19187643	+
6	3	19187646	+
3	3	19187649	+
1	3	19187651	+
8	3	19187652	+
9	3	19187655	+
1	3	19187657	+
20	3	19187658	+
4	3	19187659	+
34	3	19187661	+
1	3	19187663	+
5	3	19187664	+
1	3	19187667	+
18	3	19187670	+
2	3	19187673	+
3	3	19187675	+
90	3	19187676	+
8	3	19187677	+
1	3	19187678	+
8	3	19187679	+
3	3	19187682	+
1	3	19187688	+
7	3	19187694	+
1	3	19187695	+
6	3	19187696	+
12	3	19187697	+
30	3	19187700	+
25	3	19187703	+
16	3	19187706	+
3	3	19187707	+
3	3	19187708	+
19	3	19187709	+
2	3	19187711	+
7	3	19187712	+
1	3	19187714	+
12	3	19187715	+
2	3	19187716	+
1	3	19187717	+
56	3	19187718	+
8	3	19187719	+
2	3	19187720	+
1	3	19187721	+
21	3	19187724	+
18	3	19187727	+
1	3	19187728	+
10	3	19187730	+
1	3	19187732	+
14	3	19187733	+
5	3	19187736	+
1	3	19187737	+
4	3	19187738	+
9	3	19187739	+
2	3	19187740	+
1	3	19187741	+
11	3	19187742	+
5	3	19187745	+
7	3	19187748	+
1	3	19187749	+
37	3	19187751	+
3	3	19187753	+
26	3	19188057	+
4	3	19188058	+
3	3	19188060	+
2	3	19188063	+
2	3	19188066	+
2	3	19188068	+
89	3	19188069	+
1	3	19188070	+
1	3	19188071	+
28	3	19188072	+
1	3	19188073	+
8	3	19188075	+
3	3	19188077	+
27	3	19188078	+
1	3	19188080	+
13	3	19188081	+
3	3	19188082	+
1	3	19188083	+
7	3	19188084	+
18	3	19188087	+
34	3	19188090	+
2	3	19188091	+
1	3	19188092	+
64	3	19188093	+
2	3	19188094	+
2	3	19188095	+
12	3	19188099	+
1	3	19188101	+
43	3	19188102	+
8	3	19188103	+
2	3	19188104	+
33	3	19188105	+
2	3	19188107	+
34	3	19188108	+
3	3	19188109	+
8	3	19188110	+
60	3	19188111	+
1	3	19188112	+
1	3	19188113	+
33	3	19188114	+
1	3	19188115	+
2	3	19188116	+
3	3	19188293	+
1	3	19188294	+
3	3	19188296	+
9	3	19188299	+
1	3	19188301	+
57	3	19188302	+
1	3	19188303	+
5	3	19188304	+
18	3	19188305	+
1	3	19188307	+
25	3	19188308	+
4	3	19188310	+
3	3	19188311	+
1	3	19188313	+
18	3	19188314	+
2	3	19188315	+
10	3	19188317	+
5	3	19188320	+
2	3	19188322	+
63	3	19188323	+
6	3	19188325	+
18	3	19188326	+
1	3	19188331	+
7	3	19188332	+
1	3	19188333	+
6	3	19188334	+
16	3	19188335	+
2	3	19188336	+
4	3	19188338	+
17	3	19188341	+
1	3	19188344	+
1	3	19188345	+
5	3	19188347	+
1	3	19188349	+
28	3	19188350	+
2	3	19188351	+
1	3	19188352	+
48	3	19188353	+
13	3	19188354	+
19	3	19188356	+
1	3	19188357	+
14	3	19188359	+
7	3	19188360	+
54	3	19188362	+
2	3	19188363	+
2	3	19188364	+
16	3	19188365	+
8	3	19188366	+
20	3	19188368	+
1	3	19188369	+
1	3	19188370	+
16	3	19188371	+
4	3	19188372	+
2	3	19188373	+
40	3	19188374	+
5	3	19188377	+
2	3	19188380	+
1	3	19188383	+
1	3	19188385	+
21	3	19188386	+
2	3	19188387	+
4	3	19188389	+
1	3	19188392	+
4	3	19188395	+
5	3	19188397	+
26	3	19188398	+
2	3	19188400	+
12	3	19188401	+
1	3	19188402	+
3	3	19188403	+
32	3	19188404	+
15	3	19188407	+
44	3	19188410	+
4	3	19188416	+
1	3	19188427	+
1	3	19188428	+
2	3	19188430	+
14	3	19188431	+
12	3	19188432	+
1	3	19188433	+
1	3	19188448	+
1	3	19188465	+
1	3	19188488	+
4	3	19189182	+
1	3	19189193	+
1	3	19189194	+
2	3	19189272	+
1	3	19189278	+
1	3	19189282	+
4	3	19189285	+
1	3	19189293	+
1	3	19189305	+
1	3	19189329	+
2	3	19189338	+
2	3	19189386	+
2	3	19189389	+
1	3	19189396	+
1	3	19189398	+
2	3	19189416	+
2	3	19189422	+
1	3	19189434	+
2	3	19189440	+
1	3	19189449	+
3	3	19189452	+
4	3	19189455	+
1	3	19189485	+
2	3	19189512	+
1	3	19189513	+
1	3	19189518	+
2	3	19189524	+
1	3	19189542	+
1	3	19189578	+
1	3	19189581	+
4	3	19189584	+
1	3	19189585	+
1	3	19189591	+
1	3	19189593	+
1	3	19189595	+
1	3	19189596	+
1	3	19189599	+
6	3	19189608	+
2	3	19189611	+
2	3	19189620	+
2	3	19189626	+
2	3	19189632	+
1	3	19189635	+
1	3	19189641	+
1	3	19189677	+
3	3	19189703	+
5	3	19189758	+
8	3	19189770	+
2	3	19189771	+
1	3	19189776	+
2	3	19189779	+
1	3	19189780	+
1	3	19189782	+
1	3	19189815	+
1	3	19189824	+
1	3	19189835	+
1	3	19189836	+
2	3	19189842	+
1	3	19189845	+
4	3	19189851	+
2	3	19189860	+
1	3	19189875	+
1	3	19189881	+
1	3	19189890	+
1	3	19189891	+
1	3	19189893	+
1	3	19189896	+
3	3	19189902	+
1	3	19189908	+
3	3	19189914	+
1	3	19189917	+
3	3	19189923	+
3	3	19189926	+
1	3	19189933	+
4	3	19189944	+
1	3	19189962	+
1	3	19189965	+
3	3	19189968	+
2	3	19189971	+
1	3	19189974	+
2	3	19189980	+
1	3	19189993	+
1	3	19190016	+
1	3	19190025	+
1	3	19190026	+
5	3	19190028	+
4	3	19190031	+
1	3	19190034	+
4	3	19190052	+
1	3	19190053	+
1	3	19190067	+
1	3	19190072	+
3	3	19190082	+
1	3	19190088	+
2	3	19190118	+
6	3	19190133	+
2	3	19190148	+
1	3	19190150	+
1	3	19190154	+
1	3	19190157	+
1	3	19190160	+
2	3	19190181	+
1	3	19190182	+
1	3	19190183	+
2	3	19190187	+
2	3	19190188	+
1	3	19190199	+
1	3	19190214	+
2	3	19190226	+
1	3	19190238	+
3	3	19190241	+
2	3	19190244	+
4	3	19190247	+
1	3	19190250	+
2	3	19190256	+
1	3	19190267	+
8	3	19190268	+
3	3	19190271	+
1	3	19190276	+
3	3	19190277	+
1	3	19190286	+
1	3	19190292	+
1	3	19190295	+
2	3	19190298	+
2	3	19190313	+
1	3	19190314	+
1	3	19190315	+
1	3	19190319	+
2	3	19190322	+
1	3	19190328	+
2	3	19190331	+
3	3	19190334	+
2	3	19190337	+
1	3	19190346	+
1	3	19190349	+
1	3	19190378	+
1	3	19190379	+
1	3	19190380	+
4	3	19190385	+
3	3	19190406	+
1	3	19190433	+
1	3	19190436	+
1	3	19190448	+
1	3	19190452	+
1	3	19190454	+
1	3	19190466	+
4	3	19190472	+
2	3	19190481	+
2	3	19190490	+
2	3	19190493	+
1	3	19190530	+
3	3	19190532	+
1	3	19190565	+
1	3	19190580	+
1	3	19190587	+
1	3	19190589	+
1	3	19190592	+
2	3	19190599	+
4	3	19190607	+
1	3	19190608	+
4	3	19190610	+
2	3	19190612	+
5	3	19190613	+
4	3	19190616	+
3	3	19190622	+
1	3	19190625	+
1	3	19190626	+
1	3	19190627	+
4	3	19190628	+
1	3	19190631	+
2	3	19190637	+
1	3	19190640	+
1	3	19190667	+
1	3	19190673	+
3	3	19190694	+
1	3	19190697	+
1	3	19190703	+
2	3	19190706	+
1	3	19190712	+
4	3	19190718	+
4	3	19190742	+
1	3	19190745	+
1	3	19190748	+
4	3	19190751	+
1	3	19190772	+
4	3	19190805	+
1	3	19190817	+
5	3	19190829	+
3	3	19190832	+
1	3	19190835	+
1	3	19190838	+
1	3	19190839	+
3	3	19190844	+
2	3	19190857	+
3	3	19190859	+
1	3	19190862	+
1	3	19190868	+
1	3	19190892	+
2	3	19190895	+
2	3	19190907	+
2	3	19190910	+
5	3	19190913	+
1	3	19190926	+
1	3	19190933	+
3	3	19190937	+
4	3	19190943	+
2	3	19190961	+
1	3	19190970	+
2	3	19190973	+
1	3	19190976	+
4	3	19190994	+
4	3	19190997	+
2	3	19191000	+
1	3	19191003	+
1	3	19191024	+
1	3	19191033	+
1	3	19191036	+
1	3	19191039	+
6	3	19191045	+
1	3	19191048	+
2	3	19191051	+
2	3	19191069	+
2	3	19191072	+
4	3	19191078	+
1	3	19191087	+
1	3	19191088	-
3	3	19191102	+
3	3	19191114	+
1	3	19191117	+
1	3	19191120	+
1	3	19191209	+
2	3	19191213	+
1	3	19191219	+
1	3	19191222	+
3	3	19191225	+
1	3	19191255	+
2	3	19191258	+
1	3	19191267	+
2	3	19191282	+
2	3	19191285	+
1	3	19191291	+
1	3	19191303	+
4	3	19191306	+
3	3	19191312	+
1	3	19191315	+
1	3	19191321	+
2	3	19191327	+
2	3	19191330	+
3	3	19191333	+
1	3	19191348	+
2	3	19191352	-
1	3	19191363	+
1	3	19191375	+
3	3	19191387	+
1	3	19191390	+
1	3	19191396	+
2	3	19191411	+
1	3	19191414	+
1	3	19191417	+
1	3	19191423	+
1	3	19191441	+
1	3	19191453	+
1	3	19191459	+
1	3	19191461	+
1	3	19191468	+
1	3	19191508	-
1	3	19191509	+
1	3	19191519	+
3	3	19191525	+
2	3	19191531	+
4	3	19191534	+
2	3	19191537	+
2	3	19191540	+
2	3	19191552	+
6	3	19191558	+
1	3	19191588	+
4	3	19191591	+
1	3	19191603	+
1	3	19191614	+
1	3	19191615	+
1	3	19191630	+
1	3	19191636	+
2	3	19191639	+
1	3	19191663	+
1	3	19191664	+
2	3	19191668	+
1	3	19191672	+
1	3	19191680	+
1	3	19191687	+
1	3	19191689	-
1	3	19191690	+
2	3	19191696	+
1	3	19191699	+
1	3	19191708	+
1	3	19191753	+
1	3	19191762	+
1	3	19191768	+
3	3	19191783	+
5	3	19191786	+
6	3	19191789	+
1	3	19191819	+
1	3	19196710	-
2	3	19196711	-
1	3	19196714	-
2	3	19196720	-
1	3	19196732	-
2	3	19196744	-
1	3	19196747	-
1	3	19196756	-
2	3	19196762	-
1	3	19197037	-
1	3	19197040	-
1	3	19197070	-
1	3	19197106	-
1	3	19197139	-
1	3	19197247	-
1	3	19197277	-
2	3	19197280	-
1	3	19197283	-
1	3	19197286	-
1	3	19197294	-
1	3	19197297	-
3	3	19197825	+
4	3	19198206	+
15	3	19198207	+
32	3	19198208	+
71	3	19198209	+
57	3	19198210	+
72	3	19198211	+
72	3	19198212	+
39	3	19198213	+
1	3	19198575	-
1	3	19198587	-
1	3	19198655	-
2	3	19198705	-
1	3	19198708	-
1	3	19198717	-
1	3	19198795	-
2	3	19198806	-
3	3	19198882	-
2	3	19198909	-
1	3	19198927	-
1	3	19198936	-
1	3	19198939	-
1	3	19198969	-
1	3	19199062	-
2	3	19199165	-
1	3	19199177	-
1	3	19199186	-
1	3	19199189	-
2	3	19199222	-
1	3	19199333	-
4	3	19199378	-
3	3	19199405	-
