1	3	19100197	+
2	3	19100295	+
1	3	19100402	+
1	3	19101056	+
1	3	19101292	+
1	3	19101293	+
1	3	19101382	+
3	3	19101493	+
1	3	19101494	+
1	3	19101499	+
3	3	19101514	+
2	3	19101800	+
3	3	19101809	+
6	3	19101812	+
1	3	19101821	+
1	3	19101824	+
1	3	19101851	+
1	3	19101893	+
1	3	19101971	+
2	3	19102058	+
2	3	19102170	+
1	3	19102172	+
1	3	19102197	+
1	3	19102226	+
1	3	19102238	+
1	3	19102262	+
1	3	19102304	+
1	3	19102331	+
2	3	19102334	+
1	3	19102376	+
2	3	19102481	+
1	3	19102490	+
1	3	19102514	+
3	3	19102517	+
1	3	19102520	+
1	3	19102523	+
2	3	19102553	+
1	3	19102601	+
1	3	19102622	+
1	3	19102649	+
1	3	19102682	+
2	3	19102757	+
1	3	19102812	+
3	3	19102814	+
1	3	19102838	+
2	3	19102865	+
1	3	19102868	+
1	3	19103090	+
2	3	19103248	+
1	3	19103257	+
1	3	19103275	+
3	3	19103281	+
1	3	19103365	+
1	3	19103389	+
2	3	19103440	+
1	3	19103449	+
1	3	19103474	-
1	3	19103476	+
1	3	19103710	+
2	3	19103767	+
3	3	19103962	+
1	3	19104277	+
1	3	19104321	+
1	3	19104324	+
1	3	19104328	+
1	3	19104487	+
3	3	19104595	+
4	3	19104646	+
1	3	19105230	-
1	3	19106686	-
1	3	19106861	-
1	3	19106912	-
2	3	19108150	+
1	3	19108215	-
3	3	19108323	+
1	3	19108352	+
9	3	19108353	+
2	3	19108367	+
3	3	19108368	+
4	3	19108374	+
1	3	19108379	+
1	3	19108386	+
4	3	19108388	+
4	3	19108389	+
2	3	19108392	+
3	3	19108395	+
4	3	19108398	+
2	3	19108400	+
14	3	19108401	+
2	3	19108404	+
6	3	19108407	+
1	3	19108416	+
1	3	19108434	+
4	3	19108440	+
2	3	19108443	+
2	3	19108446	+
2	3	19108449	+
3	3	19108461	+
4	3	19108464	+
1	3	19108466	+
6	3	19108467	+
3	3	19108479	+
2	3	19108482	+
4	3	19108488	+
7	3	19108491	+
2	3	19108494	+
1	3	19108496	+
5	3	19108497	+
1	3	19108498	+
1	3	19108499	+
4	3	19108500	+
1	3	19108503	+
2	3	19108504	+
3	3	19108509	+
4	3	19108512	+
1	3	19108515	+
2	3	19108521	+
1	3	19108527	+
4	3	19108530	+
1	3	19108531	+
8	3	19108533	+
4	3	19108534	+
1	3	19108535	+
6	3	19108536	+
3	3	19108539	+
1	3	19108543	+
3	3	19108545	+
2	3	19108548	+
7	3	19108551	+
18	3	19108554	+
3	3	19108557	+
2	3	19108559	+
4	3	19108560	+
1	3	19108562	+
27	3	19108566	+
3	3	19108567	+
7	3	19108569	+
1	3	19108576	+
1	3	19108578	+
3	3	19108581	+
1	3	19108584	+
1	3	19108590	+
3	3	19108593	+
1	3	19108611	+
2	3	19108634	+
3	3	19108635	+
2	3	19108641	+
1	3	19108647	+
3	3	19108653	+
3	3	19108656	+
1	3	19108657	+
10	3	19108659	+
7	3	19108665	+
5	3	19108668	+
11	3	19108671	+
2	3	19108675	+
1	3	19108677	+
2	3	19108680	+
2	3	19108686	+
1	3	19108687	+
2	3	19108689	+
2	3	19108698	+
3	3	19108699	+
2	3	19109118	+
4	3	19109121	+
8	3	19109127	+
6	3	19109130	+
1	3	19109136	+
1	3	19109137	+
6	3	19109139	+
5	3	19109140	+
1	3	19109142	+
5	3	19109145	+
1	3	19109148	+
8	3	19109151	+
5	3	19109157	+
1	3	19109158	+
1	3	19109159	+
1	3	19109161	+
4	3	19109163	+
7	3	19109164	+
3	3	19109166	+
1	3	19109167	+
1	3	19109170	+
2	3	19109172	+
1	3	19109173	+
2	3	19109179	+
1	3	19109180	+
1	3	19109181	+
2	3	19109182	+
1	3	19109183	+
1	3	19109187	+
1	3	19109189	+
1	3	19109190	+
2	3	19109193	+
2	3	19109199	+
10	3	19109205	+
1	3	19109206	+
2	3	19109208	+
5	3	19109211	+
1	3	19109214	+
1	3	19109218	+
12	3	19109247	+
3	3	19109248	+
9	3	19109250	+
3	3	19109251	+
4	3	19109253	+
3	3	19109254	+
2	3	19109256	+
3	3	19109257	+
4	3	19109258	+
18	3	19109259	+
3	3	19109260	+
17	3	19109261	+
46	3	19109262	+
4	3	19109264	+
5	3	19109265	+
2	3	19109266	+
2	3	19109267	+
1	3	19109268	+
4	3	19109271	+
2	3	19109274	+
2	3	19109277	+
1	3	19109280	+
1	3	19109286	+
1	3	19109292	+
3	3	19109297	+
2	3	19109298	+
1	3	19109301	+
24	3	19109307	+
5	3	19109308	+
2	3	19109309	+
26	3	19109310	+
3	3	19109311	+
3	3	19109312	+
70	3	19109313	+
4	3	19109315	+
72	3	19109316	+
1	3	19109317	+
33	3	19109319	+
1	3	19109321	+
14	3	19109322	+
6	3	19109325	+
8	3	19109328	+
9	3	19109331	+
19	3	19109334	+
1	3	19109335	+
1	3	19109336	+
93	3	19109337	+
2	3	19109338	+
2	3	19109339	+
7	3	19109340	+
3	3	19109341	+
2	3	19109343	+
1	3	19109345	+
12	3	19109346	+
1	3	19109347	+
2	3	19109349	+
4	3	19109352	+
2	3	19109355	+
1	3	19109363	+
3	3	19109364	+
6	3	19109367	+
4	3	19109370	+
2	3	19109376	+
2	3	19109378	+
3	3	19109382	+
1	3	19109384	+
8	3	19109385	+
1	3	19109388	+
5	3	19109394	+
1	3	19109395	+
1	3	19109396	+
3	3	19109400	+
1	3	19109401	+
1	3	19109402	+
24	3	19109403	+
4	3	19109409	+
14	3	19109412	+
1	3	19109413	+
8	3	19109415	+
18	3	19109418	+
5	3	19109423	+
12	3	19109424	+
4	3	19109426	+
14	3	19109427	+
6	3	19109430	+
2	3	19109436	+
2	3	19109437	+
2	3	19109445	+
4	3	19109448	+
15	3	19109451	+
4	3	19109454	+
7	3	19109457	+
2	3	19109459	+
18	3	19109460	+
3	3	19109463	+
6	3	19109466	+
1	3	19109467	+
1	3	19109468	+
13	3	19109570	+
3	3	19109573	+
2	3	19109582	+
3	3	19109585	+
3	3	19109586	+
21	3	19109588	+
4	3	19109589	+
8	3	19109591	+
17	3	19109594	+
6	3	19109600	+
2	3	19109603	+
1	3	19109605	+
1	3	19109608	+
12	3	19109609	+
13	3	19109615	+
1	3	19109616	+
5	3	19109618	+
2	3	19109619	+
3	3	19109621	+
3	3	19109624	+
3	3	19109636	+
2	3	19109637	+
7	3	19109639	+
5	3	19109642	+
6	3	19109648	+
6	3	19109651	+
1	3	19109658	+
3	3	19109659	+
6	3	19109660	+
1	3	19109662	+
5	3	19109663	+
2	3	19109665	+
1	3	19109669	+
1	3	19109674	+
5	3	19109675	+
6	3	19109676	+
5	3	19109678	+
2	3	19109681	+
1	3	19109682	+
4	3	19109684	+
1	3	19109685	+
1	3	19109768	+
1	3	19109770	+
1	3	19109771	+
15	3	19109774	+
12	3	19109777	+
7	3	19109780	+
1	3	19109782	+
24	3	19109783	+
2	3	19109784	+
28	3	19109786	+
14	3	19109789	+
7	3	19109792	+
41	3	19109795	+
1	3	19109796	+
2	3	19109797	+
10	3	19109798	+
2	3	19109799	+
1	3	19109800	+
4	3	19109801	+
12	3	19109804	+
1	3	19109805	+
1	3	19109806	+
10	3	19109807	+
1	3	19109809	+
14	3	19109810	+
5	3	19109813	+
24	3	19109816	+
2	3	19109817	+
17	3	19109819	+
2	3	19109821	+
5	3	19109822	+
1	3	19109823	+
1	3	19109824	+
46	3	19109825	+
16	3	19109828	+
26	3	19109831	+
8	3	19109834	+
6	3	19109837	+
13	3	19109838	+
1	3	19109839	+
1	3	19110704	+
1	3	19110720	+
1	3	19110731	+
1	3	19110736	+
17	3	19110739	+
1	3	19110751	+
3	3	19110772	+
2	3	19110781	+
2	3	19110784	+
1	3	19110790	+
10	3	19110826	+
2	3	19110829	+
1	3	19110832	+
9	3	19110841	+
2	3	19110856	+
2	3	19110862	+
1	3	19110868	+
1	3	19110874	+
2	3	19110886	+
7	3	19110974	+
2	3	19110977	+
3	3	19110978	+
1	3	19110980	+
5	3	19110983	+
1	3	19110989	+
6	3	19110992	+
8	3	19110995	+
1	3	19111005	+
1	3	19111009	+
6	3	19111010	+
1	3	19111013	+
3	3	19111016	+
1	3	19111018	+
11	3	19111019	+
1	3	19111024	+
13	3	19111025	+
1	3	19111028	+
1	3	19111031	+
1	3	19111034	+
3	3	19111037	+
3	3	19111040	+
1	3	19111043	+
3	3	19111046	+
12	3	19111049	+
4	3	19111052	+
1	3	19111054	+
9	3	19111055	+
1	3	19111058	+
7	3	19111061	+
4	3	19111064	+
3	3	19111067	+
3	3	19111070	+
3	3	19111076	+
1	3	19111079	+
1	3	19111081	+
1	3	19111082	+
26	3	19111085	+
1	3	19111088	+
5	3	19111091	+
4	3	19111094	+
8	3	19111100	+
7	3	19111103	+
1	3	19111106	+
1	3	19111108	+
1	3	19111109	+
33	3	19111112	+
4	3	19111115	+
2	3	19111118	+
8	3	19111130	+
1	3	19111223	+
1	3	19111232	+
1	3	19111248	+
1	3	19111250	+
2	3	19111256	+
21	3	19111259	+
3	3	19111262	+
3	3	19111265	+
1	3	19111267	+
1	3	19111269	+
4	3	19111271	+
1	3	19111283	+
1	3	19111285	+
9	3	19111286	+
3	3	19111289	+
1	3	19111295	+
2	3	19111304	+
2	3	19111307	+
5	3	19111310	+
1	3	19111311	+
5	3	19111319	+
4	3	19111322	+
2	3	19111325	+
3	3	19111415	+
1	3	19111418	+
3	3	19111421	+
4	3	19111427	+
1	3	19111428	+
4	3	19111430	+
5	3	19111433	+
5	3	19111439	+
4	3	19111441	+
2	3	19111442	+
4	3	19111448	+
1	3	19111454	+
1	3	19111459	+
8	3	19111460	+
2	3	19111463	+
7	3	19111466	+
10	3	19111469	+
1	3	19111478	+
1	3	19111484	+
2	3	19111487	+
2	3	19111494	+
1	3	19111508	+
3	3	19111517	+
1	3	19111521	+
1	3	19111523	+
2	3	19111526	+
1	3	19111529	+
17	3	19111541	+
1	3	19111542	+
28	3	19111544	+
1	3	19111545	+
16	3	19111547	+
20	3	19111550	+
3	3	19111553	+
18	3	19111556	+
2	3	19111559	+
3	3	19111565	+
2	3	19111567	+
13	3	19111772	+
6	3	19111781	+
3	3	19111793	+
1	3	19111799	+
2	3	19111802	+
1	3	19111804	+
23	3	19111805	+
4	3	19111806	+
4	3	19111808	+
1	3	19111814	+
4	3	19111820	+
1	3	19111823	+
1	3	19111826	+
4	3	19111841	+
2	3	19111843	+
25	3	19111844	+
1	3	19111850	+
1	3	19111851	+
4	3	19111853	+
2	3	19112016	+
1	3	19112019	+
1	3	19112025	+
6	3	19112031	+
1	3	19112032	+
1	3	19112033	+
24	3	19112034	+
2	3	19112036	+
14	3	19112037	+
3	3	19112040	+
1	3	19112041	+
2	3	19112042	+
3	3	19112043	+
1	3	19112046	+
11	3	19112049	+
2	3	19112052	+
9	3	19112055	+
12	3	19112058	+
1	3	19112059	+
5	3	19112067	+
12	3	19112073	+
6	3	19112076	+
18	3	19112082	+
1	3	19112086	+
1	3	19112088	+
6	3	19112100	+
3	3	19112102	+
1	3	19112106	+
1	3	19112109	+
4	3	19112112	+
3	3	19112113	+
11	3	19112209	+
3	3	19112210	+
10	3	19112212	+
2	3	19112214	+
11	3	19112215	+
1	3	19112216	+
3	3	19112218	+
9	3	19112221	+
2	3	19112222	+
9	3	19112224	+
3	3	19112227	+
9	3	19112230	+
3	3	19112233	+
1	3	19112234	+
5	3	19112236	+
1	3	19112237	+
5	3	19112239	+
3	3	19112240	+
2	3	19112242	+
2	3	19112248	+
2	3	19112251	+
7	3	19112254	+
2	3	19112255	+
1	3	19112257	+
2	3	19112260	+
1	3	19112265	+
8	3	19112266	+
7	3	19112269	+
1	3	19112272	+
2	3	19112273	+
2	3	19112274	+
43	3	19112275	+
6	3	19112278	+
1	3	19112281	+
2	3	19112283	+
10	3	19112284	+
1	3	19112287	+
3	3	19112290	+
4	3	19112291	+
1	3	19112293	+
1	3	19112295	+
10	3	19112420	+
7	3	19112423	+
10	3	19112426	+
3	3	19112429	+
6	3	19112432	+
4	3	19112435	+
3	3	19112441	+
2	3	19112449	+
4	3	19112456	+
3	3	19112459	+
1	3	19112465	+
2	3	19112471	+
20	3	19112474	+
2	3	19112486	+
4	3	19112492	+
1	3	19112498	+
3	3	19112501	+
2	3	19112503	+
15	3	19112504	+
3	3	19112507	+
2	3	19112510	+
25	3	19112513	+
1	3	19112514	+
6	3	19112877	-
2	3	19112887	-
2	3	19112896	-
1	3	19112911	-
5	3	19112914	-
3	3	19112920	-
1	3	19112943	-
1	3	19112944	-
1	3	19112947	-
1	3	19112965	-
1	3	19113001	-
3	3	19113022	-
6	3	19113034	-
1	3	19113043	-
1	3	19113076	-
1	3	19113087	-
1	3	19113096	-
1	3	19113097	-
1	3	19113109	-
2	3	19113157	-
1	3	19113163	-
1	3	19113169	-
1	3	19113175	-
2	3	19113178	-
1	3	19113187	-
1	3	19113303	-
1	3	19113333	-
1	3	19113355	-
1	3	19113369	-
1	3	19113371	-
2	3	19113378	-
1	3	19113381	-
1	3	19113384	-
1	3	19113514	-
1	3	19113529	-
3	3	19113547	-
2	3	19113550	-
2	3	19113553	-
2	3	19113559	-
4	3	19113562	-
2	3	19113568	-
3	3	19113571	-
1	3	19113573	-
1	3	19113577	-
2	3	19113583	-
1	3	19113589	-
1	3	19113598	-
2	3	19113599	-
1	3	19113601	-
1	3	19113613	-
1	3	19113625	-
1	3	19113652	-
1	3	19113658	-
3	3	19113673	-
1	3	19113679	-
1	3	19113682	-
2	3	19113685	-
1	3	19113700	-
1	3	19113706	-
3	3	19113715	-
1	3	19113733	-
2	3	19113745	-
1	3	19113747	-
5	3	19113748	-
3	3	19113751	-
4	3	19113766	-
1	3	19113772	-
2	3	19113799	-
3	3	19113847	-
1	3	19113856	-
1	3	19113859	-
3	3	19113862	-
1	3	19113880	-
2	3	19113889	-
1	3	19113895	-
4	3	19113901	-
1	3	19113940	-
2	3	19113979	-
3	3	19113994	-
4	3	19113999	-
1	3	19114015	-
1	3	19114018	-
1	3	19114024	-
2	3	19114054	-
1	3	19114090	-
6	3	19114093	-
8	3	19114099	-
1	3	19114102	-
3	3	19114105	-
4	3	19114111	-
1	3	19114114	-
1	3	19114120	-
2	3	19114123	-
1	3	19114138	-
2	3	19114144	-
1	3	19114150	-
2	3	19114171	-
2	3	19114174	-
2	3	19114201	-
2	3	19114203	-
1	3	19114210	-
1	3	19114219	-
2	3	19114227	-
1	3	19114246	-
1	3	19114267	-
1	3	19114276	-
1	3	19114291	-
1	3	19114309	-
1	3	19114318	-
1	3	19114470	-
1	3	19114473	-
1	3	19114497	-
2	3	19114516	-
1	3	19114532	-
1	3	19115317	+
1	3	19115354	+
3	3	19115357	+
1	3	19115366	+
1	3	19115369	+
1	3	19115435	+
1	3	19115692	+
1	3	19115783	+
1	3	19115892	+
1	3	19115947	+
2	3	19116099	+
1	3	19116216	+
3	3	19116274	+
2	3	19116294	+
1	3	19116331	+
1	3	19116351	+
4	3	19116405	+
1	3	19116414	+
1	3	19116417	+
1	3	19116447	+
1	3	19116462	+
2	3	19116479	+
3	3	19116480	+
1	3	19116489	+
1	3	19116564	+
2	3	19116568	+
1	3	19116570	+
1	3	19116603	+
2	3	19116609	+
1	3	19116687	+
1	3	19116726	+
2	3	19116729	+
2	3	19116878	+
2	3	19116950	+
2	3	19117001	+
2	3	19117046	+
1	3	19117066	+
1	3	19117067	+
1	3	19117091	+
2	3	19117097	+
3	3	19117139	+
1	3	19117190	+
1	3	19117710	-
3	3	19117881	-
9	3	19117882	-
2	3	19117883	-
25	3	19117885	-
1	3	19117886	-
1	3	19117887	-
85	3	19117888	-
2	3	19117889	-
41	3	19117891	-
1	3	19117892	-
5	3	19117893	-
76	3	19117894	-
2	3	19117896	-
2	3	19117897	-
37	3	19117900	-
66	3	19117906	-
1	3	19117907	-
1	3	19117911	-
10	3	19117912	-
7	3	19117915	-
1	3	19117918	-
2	3	19117919	-
13	3	19117921	-
14	3	19117923	-
27	3	19117924	-
2	3	19117925	-
53	3	19117927	-
2	3	19117929	-
50	3	19117930	-
1	3	19117932	-
14	3	19117933	-
5	3	19117934	-
10	3	19117936	-
1	3	19117937	-
1	3	19117938	-
2	3	19117939	-
4	3	19117941	-
16	3	19117942	-
1	3	19117945	-
1	3	19117946	-
1	3	19117951	-
6	3	19117954	-
3	3	19117957	-
2	3	19117966	-
1	3	19117972	-
2	3	19117978	-
3	3	19117984	-
4	3	19117987	-
2	3	19117990	-
1	3	19117993	-
3	3	19117999	-
1	3	19118002	-
1	3	19118004	-
1	3	19118005	-
3	3	19118008	-
24	3	19118014	-
8	3	19118015	-
7	3	19118017	-
1	3	19118021	-
2	3	19118022	-
27	3	19118023	-
1	3	19118024	-
1	3	19118025	-
2	3	19118026	-
2	3	19118028	-
124	3	19118029	-
9	3	19118030	-
4	3	19118032	-
1	3	19118035	-
6	3	19118038	-
4	3	19118040	-
8	3	19118041	-
3	3	19118044	-
9	3	19118047	-
1	3	19118048	-
10	3	19118050	-
6	3	19118053	-
6	3	19118055	-
14	3	19118056	-
4	3	19118059	-
7	3	19118062	-
1	3	19118063	-
1	3	19118065	-
3	3	19118068	-
6	3	19118071	-
5	3	19118074	-
8	3	19118077	-
1	3	19118080	-
1	3	19118081	-
2	3	19118083	-
2	3	19118086	-
1	3	19118088	-
1	3	19118089	-
1	3	19118095	-
1	3	19118098	-
2	3	19118104	-
1	3	19118113	-
1	3	19118114	-
2	3	19118116	-
9	3	19118119	-
19	3	19118122	-
3	3	19118125	-
2	3	19118128	-
2	3	19118131	-
8	3	19118133	-
33	3	19118134	-
2	3	19118135	-
7	3	19118137	-
3	3	19118138	-
23	3	19118140	-
4	3	19118143	-
2	3	19118144	-
2	3	19118145	-
5	3	19118146	-
2	3	19118149	-
24	3	19118152	-
3	3	19118153	-
8	3	19118154	-
99	3	19118155	-
3	3	19118156	-
13	3	19118158	-
23	3	19118164	-
4	3	19118165	-
6	3	19118166	-
4	3	19118167	-
24	3	19118170	-
1	3	19118171	-
1	3	19118172	-
16	3	19118173	-
3	3	19118176	-
2	3	19118178	-
1	3	19118179	-
3	3	19118182	-
8	3	19118185	-
17	3	19118188	-
2	3	19118189	-
40	3	19118191	-
19	3	19118194	-
1	3	19118195	-
4	3	19118196	-
11	3	19118197	-
14	3	19118200	-
1	3	19118201	-
160	3	19118203	-
9	3	19118204	-
29	3	19118206	-
1	3	19118207	-
5	3	19118208	-
21	3	19118209	-
1	3	19118210	-
1	3	19118211	-
20	3	19118212	-
2	3	19118213	-
1	3	19118214	-
21	3	19118215	-
5	3	19118216	-
4	3	19118218	-
2	3	19118220	-
17	3	19118221	-
21	3	19118224	-
1	3	19118226	-
17	3	19118227	-
19	3	19118230	-
13	3	19118233	-
53	3	19118236	-
1	3	19118237	-
50	3	19118239	-
6	3	19118240	-
1	3	19118242	-
1	3	19118244	-
4	3	19118245	-
1	3	19118247	-
23	3	19118248	-
1	3	19118251	-
3	3	19118254	-
2	3	19118263	-
2	3	19118272	-
1	3	19118275	-
19	3	19118278	-
23	3	19118281	-
28	3	19118284	-
1	3	19118285	-
2	3	19118286	-
30	3	19118287	-
26	3	19118290	-
3	3	19118291	-
2	3	19118292	-
15	3	19118293	-
1	3	19118295	-
2	3	19118299	-
47	3	19118302	-
5	3	19118305	-
4	3	19118308	-
5	3	19118311	-
9	3	19118314	-
2	3	19118315	-
2	3	19118320	-
2	3	19118323	-
1	3	19118324	-
1	3	19118325	-
3	3	19118326	-
11	3	19118329	-
2	3	19118332	-
14	3	19118335	-
1	3	19118338	-
1	3	19118340	-
23	3	19118341	-
1	3	19118342	-
3	3	19118343	-
19	3	19118344	-
12	3	19118347	-
4	3	19118350	-
1	3	19118352	-
1	3	19118359	-
3	3	19118362	-
7	3	19118368	-
7	3	19118371	-
26	3	19118374	-
20	3	19118380	-
1	3	19118381	-
2	3	19118383	-
2	3	19118385	-
3	3	19118386	-
2	3	19118388	-
27	3	19118389	-
9	3	19118392	-
6	3	19118395	-
4	3	19118396	-
10	3	19118398	-
53	3	19118401	-
28	3	19118404	-
1	3	19118405	-
7	3	19118406	-
13	3	19118407	-
49	3	19118410	-
1	3	19118411	-
54	3	19118413	-
3	3	19118415	-
19	3	19118416	-
20	3	19118419	-
9	3	19118422	-
9	3	19118424	-
18	3	19118425	-
5	3	19118428	-
1	3	19118429	-
4	3	19118430	-
47	3	19118431	-
14	3	19118434	-
1	3	19118435	-
1	3	19118436	-
29	3	19118437	-
7	3	19118438	-
1	3	19118439	-
38	3	19118440	-
1	3	19118441	-
1	3	19118442	-
13	3	19118443	-
2	3	19118444	-
5	3	19118445	-
9	3	19118446	-
2	3	19118449	-
1	3	19118451	-
22	3	19118452	-
7	3	19118455	-
2	3	19118458	-
5	3	19118461	-
12	3	19118464	-
1	3	19118466	-
1	3	19118467	-
6	3	19118473	-
1	3	19118474	-
9	3	19118476	-
6	3	19118478	-
27	3	19118479	-
1	3	19118480	-
1	3	19118481	-
10	3	19118482	-
23	3	19118485	-
2	3	19118486	-
2	3	19118487	-
17	3	19118488	-
1	3	19118490	-
5	3	19118491	-
1	3	19118492	-
2	3	19118494	-
1	3	19118497	-
3	3	19118500	-
1	3	19118503	-
1	3	19118504	-
1	3	19118506	-
11	3	19118509	-
5	3	19118518	-
2	3	19118521	-
5	3	19118524	-
38	3	19118527	-
2	3	19118528	-
3	3	19118530	-
33	3	19118536	-
36	3	19118539	-
8	3	19118542	-
1	3	19118545	-
3	3	19118551	-
3	3	19118554	-
2	3	19118557	-
1	3	19118558	-
33	3	19118560	-
4	3	19118562	-
6	3	19118563	-
4	3	19118564	-
2	3	19118565	-
71	3	19118566	-
6	3	19118567	-
4	3	19118568	-
60	3	19118569	-
4	3	19118570	-
16	3	19118572	-
2	3	19118573	-
2	3	19118574	-
17	3	19118575	-
56	3	19118578	-
8	3	19118581	-
1	3	19118583	-
1	3	19118584	-
15	3	19118587	-
1	3	19118588	-
8	3	19118590	-
5	3	19118593	-
1	3	19118596	-
1	3	19118598	-
9	3	19118599	-
2	3	19118601	-
2	3	19118602	-
1	3	19118608	-
8	3	19118614	-
1	3	19118615	-
4	3	19118617	-
7	3	19118620	-
2	3	19118622	-
5	3	19118623	-
3	3	19118626	-
3	3	19118641	-
4	3	19118644	-
2	3	19118646	-
25	3	19118647	-
2	3	19118649	-
5	3	19118650	-
1	3	19118652	-
9	3	19118653	-
64	3	19118656	-
8	3	19118659	-
4	3	19118662	-
14	3	19118664	-
21	3	19118668	-
6	3	19118671	-
3	3	19118674	-
5	3	19118677	-
1	3	19118680	-
2	3	19118681	-
13	3	19118683	-
7	3	19118686	-
2	3	19118689	-
4	3	19118692	-
5	3	19118698	-
4	3	19118701	-
2	3	19118704	-
8	3	19118707	-
2	3	19118714	-
7	3	19118719	-
9	3	19118722	-
2	3	19118725	-
1	3	19118727	-
72	3	19118728	-
6	3	19118731	-
8	3	19118733	-
10	3	19118734	-
148	3	19118737	-
5	3	19118738	-
2	3	19118739	-
12	3	19118740	-
1	3	19118741	-
2	3	19118742	-
50	3	19118743	-
1	3	19118744	-
4	3	19118745	-
34	3	19118746	-
105	3	19118749	-
5	3	19118750	-
9	3	19118752	-
1	3	19118754	-
9	3	19118755	-
1	3	19118758	-
3	3	19118761	-
2	3	19118764	-
2	3	19118767	-
2	3	19118770	-
1	3	19118781	-
2	3	19118785	-
1	3	19118788	-
7	3	19118791	-
1	3	19118792	-
4	3	19118794	-
21	3	19118797	-
2	3	19118798	-
1	3	19118800	-
4	3	19118803	-
39	3	19118806	-
11	3	19118808	-
17	3	19118809	-
41	3	19118812	-
2	3	19118815	-
3	3	19118818	-
1	3	19118820	-
15	3	19118821	-
3	3	19118822	-
1	3	19118824	-
21	3	19118827	-
2	3	19118828	-
1	3	19118829	-
6	3	19118830	-
8	3	19118833	-
4	3	19118836	-
30	3	19118839	-
8	3	19118842	-
2	3	19118843	-
25	3	19118845	-
7	3	19118846	-
1	3	19118847	-
15	3	19118848	-
16	3	19118851	-
6	3	19118854	-
20	3	19118857	-
4	3	19118859	-
45	3	19118860	-
5	3	19118863	-
1	3	19118864	-
4	3	19118869	-
5	3	19118881	-
2	3	19118883	-
4	3	19118884	-
1	3	19118888	-
3	3	19118890	-
4	3	19118892	-
11	3	19118893	-
4	3	19118894	-
1	3	19118895	-
5	3	19118896	-
3	3	19118902	-
2	3	19118908	-
2	3	19118911	-
1	3	19118914	-
2	3	19118917	-
2	3	19118923	-
3	3	19118941	-
2	3	19118944	-
1	3	19118947	-
1	3	19118950	-
2	3	19118953	-
5	3	19118956	-
5	3	19118959	-
1	3	19118961	-
4	3	19118963	-
39	3	19118965	-
3	3	19118966	-
133	3	19118968	-
1	3	19118970	-
88	3	19118971	-
1	3	19118973	-
7	3	19118974	-
1	3	19118976	-
14	3	19118977	-
1	3	19118979	-
19	3	19118980	-
1	3	19118981	-
6	3	19118986	-
2	3	19118988	-
59	3	19118989	-
9	3	19118992	-
5	3	19118995	-
5	3	19118998	-
3	3	19119001	-
11	3	19119004	-
22	3	19119007	-
2	3	19119009	-
17	3	19119010	-
5	3	19119013	-
13	3	19119016	-
1	3	19119018	-
10	3	19119019	-
1	3	19119021	-
11	3	19119022	-
6	3	19119025	-
1	3	19119028	-
4	3	19119031	-
5	3	19119034	-
1	3	19119035	-
3	3	19119037	-
1	3	19119038	-
32	3	19119040	-
2	3	19119041	-
4	3	19119042	-
21	3	19119043	-
2	3	19119044	-
5	3	19119046	-
1	3	19119047	-
1	3	19119051	-
3	3	19119052	-
1	3	19119054	-
12	3	19119055	-
16	3	19119058	-
1	3	19119059	-
5	3	19119061	-
2	3	19119064	-
9	3	19119067	-
1	3	19119070	-
2	3	19119075	-
18	3	19119076	-
13	3	19119079	-
7	3	19119082	-
2	3	19119083	-
7	3	19119085	-
6	3	19119088	-
2	3	19119097	-
2	3	19119100	-
11	3	19119106	-
2	3	19119109	-
10	3	19119112	-
2	3	19119114	-
1	3	19119115	-
15	3	19119121	-
3	3	19119123	-
4	3	19119130	-
1	3	19119136	-
2	3	19119139	-
1	3	19119140	-
11	3	19119142	-
1	3	19119144	-
3	3	19119145	-
4	3	19119148	-
1	3	19119155	-
1	3	19119156	-
23	3	19119157	-
2	3	19119159	-
1	3	19119160	-
5	3	19119163	-
1	3	19119169	-
1	3	19119172	-
1	3	19119177	-
3	3	19119178	-
7	3	19119181	-
1	3	19119186	-
2	3	19119208	-
2	3	19119211	-
11	3	19119214	-
2	3	19119216	-
3	3	19119223	-
1	3	19119225	-
42	3	19119226	-
2	3	19119228	-
1	3	19119229	-
1	3	19119231	-
8	3	19119232	-
1	3	19119233	-
5	3	19119235	-
1	3	19119238	-
5	3	19119241	-
13	3	19119244	-
19	3	19119247	-
24	3	19119250	-
3	3	19119251	-
6	3	19119253	-
3	3	19119256	-
9	3	19119259	-
1	3	19119260	-
21	3	19119262	-
1	3	19119263	-
9	3	19119265	-
11	3	19119268	-
4	3	19119271	-
12	3	19119274	-
2	3	19119276	-
13	3	19119277	-
1	3	19119278	-
12	3	19119280	-
2	3	19119289	-
1	3	19119304	-
1	3	19119306	-
8	3	19119307	-
2	3	19119312	-
6	3	19119313	-
3	3	19119316	-
17	3	19119319	-
1	3	19119320	-
2	3	19119321	-
8	3	19119322	-
1	3	19119324	-
4	3	19119325	-
6	3	19119327	-
214	3	19119328	-
2	3	19119329	-
7	3	19119331	-
38	3	19119334	-
1	3	19119335	-
3	3	19119336	-
4	3	19119337	-
6	3	19119339	-
60	3	19119340	-
13	3	19119343	-
1	3	19119346	-
3	3	19119349	-
16	3	19119352	-
1	3	19119353	-
2	3	19119354	-
38	3	19119355	-
2	3	19119358	-
16	3	19119364	-
1	3	19119365	-
6	3	19119367	-
28	3	19119370	-
1	3	19119371	-
1	3	19119372	-
13	3	19119373	-
6	3	19119376	-
8	3	19119379	-
7	3	19119382	-
12	3	19119385	-
13	3	19119388	-
1	3	19119389	-
49	3	19119391	-
14	3	19119394	-
12	3	19119397	-
3	3	19119398	-
8	3	19119400	-
4	3	19119402	-
1	3	19119403	-
32	3	19119406	-
5	3	19119409	-
1	3	19119411	-
6	3	19119412	-
29	3	19119415	-
1	3	19119418	-
4	3	19119427	-
2	3	19119430	-
1	3	19119431	-
1	3	19119440	-
21	3	19119442	-
1	3	19119443	-
1	3	19119448	-
3	3	19119451	-
3	3	19119454	-
1	3	19119457	-
11	3	19119463	-
2	3	19119465	-
36	3	19119466	-
3	3	19119469	-
1	3	19119471	-
2	3	19119481	-
5	3	19119487	-
10	3	19119490	-
13	3	19119493	-
1	3	19119494	-
1	3	19119495	-
57	3	19119496	-
4	3	19119499	-
1	3	19119501	-
32	3	19119502	-
3	3	19119503	-
41	3	19119505	-
2	3	19119506	-
1	3	19119507	-
32	3	19119508	-
1	3	19119509	-
2	3	19119510	-
4	3	19119511	-
2	3	19119512	-
13	3	19119514	-
35	3	19119517	-
4	3	19119518	-
17	3	19119520	-
55	3	19119526	-
2	3	19119529	-
2	3	19119531	-
27	3	19119532	-
3	3	19119535	-
1	3	19119536	-
4	3	19119538	-
4	3	19119541	-
5	3	19119544	-
3	3	19119547	-
18	3	19119556	-
1	3	19119557	-
10	3	19119559	-
10	3	19119562	-
5	3	19119565	-
2	3	19119567	-
26	3	19119568	-
8	3	19119570	-
8	3	19119571	-
10	3	19119574	-
6	3	19119577	-
3	3	19119578	-
12	3	19119580	-
4	3	19119585	-
11	3	19119586	-
1	3	19119587	-
10	3	19119592	-
3	3	19119595	-
1	3	19119600	-
8	3	19119601	-
1	3	19119602	-
1	3	19119603	-
4	3	19119604	-
2	3	19119606	-
2	3	19119608	-
6	3	19119610	-
3	3	19119613	-
21	3	19119616	-
13	3	19119619	-
12	3	19119622	-
12	3	19119625	-
7	3	19119628	-
4	3	19119631	-
6	3	19119637	-
1	3	19119638	-
1	3	19119639	-
15	3	19119640	-
15	3	19119643	-
4	3	19119646	-
2	3	19119647	-
5	3	19119649	-
2	3	19119652	-
10	3	19119655	-
4	3	19119657	-
4	3	19119661	-
1	3	19119663	-
2	3	19119664	-
8	3	19119667	-
1	3	19119668	-
10	3	19119670	-
1	3	19119672	-
26	3	19119673	-
1	3	19119674	-
14	3	19119676	-
1	3	19119677	-
3	3	19119679	-
1	3	19119681	-
11	3	19119682	-
1	3	19119683	-
2	3	19119688	-
1	3	19119694	-
8	3	19119697	-
41	3	19119700	-
2	3	19119701	-
3	3	19119702	-
2	3	19119703	-
1	3	19119704	-
8	3	19119706	-
1	3	19119707	-
2	3	19119708	-
19	3	19119709	-
1	3	19119710	-
15	3	19119712	-
2	3	19119714	-
4	3	19119715	-
4	3	19119718	-
69	3	19119724	-
5	3	19119725	-
4	3	19119727	-
2	3	19119738	-
5	3	19119739	-
3	3	19119742	-
1	3	19119745	-
1	3	19119749	-
17	3	19119751	-
3	3	19119754	-
27	3	19119757	-
2	3	19119759	-
32	3	19119760	-
2	3	19119761	-
16	3	19119763	-
2	3	19119765	-
15	3	19119766	-
23	3	19119769	-
1	3	19119770	-
44	3	19119772	-
7	3	19119775	-
3	3	19119778	-
8	3	19119781	-
14	3	19119784	-
2	3	19119786	-
3	3	19119787	-
3	3	19119793	-
4	3	19119798	-
41	3	19119799	-
1	3	19119800	-
2	3	19119801	-
32	3	19119802	-
2	3	19119803	-
7	3	19119804	-
67	3	19119805	-
2	3	19119806	-
2	3	19119807	-
138	3	19119808	-
7	3	19119810	-
42	3	19119811	-
1	3	19119812	-
3	3	19119813	-
10	3	19119814	-
1	3	19119815	-
5	3	19119817	-
2	3	19119818	-
9	3	19119820	-
17	3	19119823	-
1	3	19119824	-
8	3	19119826	-
1	3	19119829	-
26	3	19119832	-
7	3	19119835	-
1	3	19119837	-
2	3	19119838	-
2	3	19119840	-
18	3	19119841	-
1	3	19119844	-
2	3	19119856	-
2	3	19119865	-
4	3	19119877	-
1	3	19119880	-
55	3	19119883	-
2	3	19119884	-
4	3	19119885	-
33	3	19119886	-
28	3	19119889	-
1	3	19119891	-
17	3	19119892	-
2	3	19119894	-
21	3	19119895	-
1	3	19119896	-
2	3	19119897	-
62	3	19119898	-
20	3	19119901	-
3	3	19119902	-
26	3	19119904	-
1	3	19119905	-
1	3	19119906	-
29	3	19119907	-
2	3	19119909	-
16	3	19119910	-
10	3	19119916	-
10	3	19119919	-
4	3	19119920	-
2	3	19119921	-
20	3	19119922	-
1	3	19119923	-
2	3	19119924	-
3	3	19119925	-
10	3	19119931	-
3	3	19119934	-
3	3	19119937	-
3	3	19119939	-
13	3	19119940	-
5	3	19119943	-
25	3	19119946	-
1	3	19119947	-
2	3	19119949	-
10	3	19119952	-
4	3	19119955	-
1	3	19119956	-
14	3	19119958	-
2	3	19119959	-
7	3	19119961	-
2	3	19119962	-
3	3	19119964	-
1	3	19119966	-
15	3	19119967	-
3	3	19119968	-
6	3	19119969	-
25	3	19119970	-
12	3	19119973	-
6	3	19119976	-
1	3	19119978	-
1	3	19119981	-
73	3	19119982	-
2	3	19119983	-
14	3	19119985	-
1	3	19119991	-
3	3	19119994	-
2	3	19119997	-
1	3	19120000	-
2	3	19120006	-
19	3	19120009	-
25	3	19120012	-
1	3	19120013	-
4	3	19120014	-
18	3	19120015	-
1	3	19120016	-
3	3	19120017	-
24	3	19120018	-
2	3	19120019	-
15	3	19120021	-
9	3	19120024	-
4	3	19120025	-
15	3	19120030	-
1	3	19120031	-
1	3	19120032	-
12	3	19120033	-
19	3	19120039	-
2	3	19120041	-
18	3	19120042	-
63	3	19120045	-
1	3	19120046	-
1	3	19120047	-
14	3	19120048	-
32	3	19120051	-
2	3	19120052	-
10	3	19120054	-
8	3	19120057	-
13	3	19120060	-
1	3	19120062	-
34	3	19120063	-
2	3	19120064	-
1	3	19120066	-
2	3	19120069	-
3	3	19120070	-
4	3	19120072	-
1	3	19120073	-
1	3	19120075	-
6	3	19120078	-
34	3	19120081	-
57	3	19120084	-
7	3	19120085	-
29	3	19120087	-
5	3	19120090	-
7	3	19120093	-
4	3	19120094	-
6	3	19120096	-
3	3	19120098	-
26	3	19120099	-
3	3	19120100	-
3	3	19120101	-
2	3	19120102	-
1	3	19120103	-
4	3	19120117	-
2	3	19120120	-
5	3	19120123	-
2	3	19120126	-
9	3	19120129	-
2	3	19120131	-
22	3	19120132	-
1	3	19120134	-
22	3	19120135	-
1	3	19120136	-
24	3	19120138	-
1	3	19120139	-
3	3	19120141	-
5	3	19120144	-
9	3	19120147	-
2	3	19120148	-
4	3	19120150	-
1	3	19120156	-
1	3	19120159	-
1	3	19120161	-
3	3	19120162	-
1	3	19120163	-
8	3	19120165	-
4	3	19120168	-
2	3	19120171	-
6	3	19120174	-
3	3	19120177	-
4	3	19120180	-
2	3	19120182	-
30	3	19120183	-
6	3	19120186	-
1	3	19120189	-
19	3	19120192	-
3	3	19120193	-
4	3	19120194	-
32	3	19120195	-
1	3	19120197	-
6	3	19120198	-
5	3	19120201	-
1	3	19120203	-
4	3	19120204	-
26	3	19120207	-
1	3	19120208	-
3	3	19120210	-
1	3	19120212	-
1	3	19120213	-
4	3	19120214	-
4	3	19120215	-
3	3	19120216	-
2	3	19120219	-
2	3	19120221	-
1	3	19120222	-
1	3	19120227	-
6	3	19120228	-
2	3	19120230	-
11	3	19120231	-
3	3	19120234	-
1	3	19120235	-
4	3	19120236	-
24	3	19120237	-
2	3	19120240	-
9	3	19120243	-
1	3	19120246	-
1	3	19120249	-
2	3	19120251	-
1	3	19120255	-
3	3	19120257	-
2	3	19120258	-
4	3	19120261	-
1	3	19120262	-
1	3	19120267	-
16	3	19120270	-
7	3	19120273	-
2	3	19120276	-
1	3	19120277	-
1	3	19120278	-
24	3	19120279	-
10	3	19120282	-
32	3	19120285	-
31	3	19120288	-
66	3	19120291	-
16	3	19120294	-
4	3	19120295	-
3	3	19120297	-
2	3	19120300	-
2	3	19120302	-
17	3	19120303	-
8	3	19120306	-
56	3	19120309	-
1	3	19120311	-
3	3	19120312	-
11	3	19120318	-
28	3	19120324	-
3	3	19120325	-
4	3	19120326	-
14	3	19120327	-
3	3	19120330	-
1	3	19120331	-
8	3	19120333	-
5	3	19120336	-
2	3	19120338	-
31	3	19120339	-
6	3	19120342	-
1	3	19120344	-
19	3	19120345	-
1	3	19120346	-
14	3	19120348	-
1	3	19120349	-
2	3	19120350	-
17	3	19120351	-
1	3	19120352	-
20	3	19120354	-
14	3	19120363	-
5	3	19120366	-
3	3	19120372	-
1	3	19120373	-
2	3	19120374	-
3	3	19120375	-
13	3	19120378	-
1	3	19120379	-
1	3	19120381	-
67	3	19120384	-
4	3	19120385	-
26	3	19120387	-
2	3	19120388	-
16	3	19120390	-
3	3	19120392	-
28	3	19120393	-
9	3	19120396	-
2	3	19120397	-
8	3	19120399	-
92	3	19120402	-
15	3	19120403	-
1	3	19120404	-
1	3	19120405	-
26	3	19120408	-
45	3	19120411	-
1	3	19120412	-
19	3	19120414	-
7	3	19120416	-
20	3	19120417	-
1	3	19120419	-
14	3	19120420	-
6	3	19120422	-
5	3	19120423	-
1	3	19120425	-
32	3	19120426	-
7	3	19120428	-
24	3	19120429	-
5	3	19120432	-
2	3	19120433	-
2	3	19120435	-
1	3	19120436	-
3	3	19120438	-
5	3	19120453	-
1	3	19120455	-
4	3	19120456	-
1	3	19120458	-
9	3	19120459	-
4	3	19120465	-
14	3	19120468	-
1	3	19120469	-
1	3	19120470	-
5	3	19120471	-
1	3	19120472	-
1	3	19120474	-
2	3	19120477	-
10	3	19120480	-
2	3	19120481	-
1	3	19120482	-
12	3	19120483	-
4	3	19120486	-
17	3	19120489	-
55	3	19120498	-
4	3	19120500	-
23	3	19120501	-
2	3	19120502	-
1	3	19120503	-
5	3	19120504	-
2	3	19120506	-
2	3	19120507	-
1	3	19120549	-
6	3	19120555	-
1	3	19120557	-
3	3	19120561	-
1	3	19120564	-
1	3	19120571	-
2	3	19120577	-
1	3	19120581	-
2	3	19120590	-
3	3	19120776	-
1	3	19120815	-
1	3	19120907	-
1	3	19125381	-
1	3	19125968	-
1	3	19126973	+
1	3	19127106	+
3	3	19127279	+
1	3	19127432	+
1	3	19127534	+
1	3	19127873	+
1	3	19128083	+
1	3	19128815	+
3	3	19128875	+
1	3	19129073	+
1	3	19129151	+
1	3	19129739	+
1	3	19130226	+
5	3	19131171	-
1	3	19131175	-
1	3	19131196	-
3	3	19131202	-
26	3	19131208	-
2	3	19131211	-
3	3	19131214	-
2	3	19131223	-
3	3	19131244	-
2	3	19131247	-
1	3	19131253	-
1	3	19131264	-
1	3	19131267	-
1	3	19131271	-
1	3	19131328	-
3	3	19131343	-
1	3	19131349	-
3	3	19131352	-
2	3	19131354	-
1	3	19131355	-
1	3	19131386	-
1	3	19131403	-
1	3	19131417	-
4	3	19131418	-
2	3	19131419	-
1	3	19131430	-
1	3	19131451	-
1	3	19131452	-
3	3	19131454	-
1	3	19131457	-
7	3	19131460	-
1	3	19131461	-
1	3	19131463	-
1	3	19131475	-
2	3	19131478	-
7	3	19131502	-
2	3	19131508	-
1	3	19131516	-
4	3	19131520	-
1	3	19131529	-
1	3	19131541	-
1	3	19131550	-
1	3	19131551	-
2	3	19131556	-
1	3	19131559	-
1	3	19131562	-
1	3	19131565	-
2	3	19131568	-
1	3	19131571	-
1	3	19131574	-
16	3	19131577	-
3	3	19131578	-
2	3	19131580	-
7	3	19131586	-
2	3	19131588	-
1	3	19131594	-
3	3	19131595	-
6	3	19131598	-
8	3	19131601	-
1	3	19131603	-
1	3	19131607	-
1	3	19131620	-
1	3	19131625	-
1	3	19131827	-
1	3	19131833	-
3	3	19131845	-
5	3	19131851	-
4	3	19131854	-
2	3	19131857	-
3	3	19131860	-
1	3	19131863	-
6	3	19131866	-
1	3	19131867	-
4	3	19131869	-
4	3	19131872	-
3	3	19131875	-
3	3	19131878	-
1	3	19131881	-
11	3	19131884	-
8	3	19131887	-
1	3	19131890	-
1	3	19131893	-
1	3	19131896	-
2	3	19131899	-
5	3	19131902	-
2	3	19131905	-
2	3	19131914	-
3	3	19131926	-
2	3	19131929	-
1	3	19131932	-
1	3	19132350	-
4	3	19132351	-
3	3	19132354	-
1	3	19132362	-
1	3	19132363	-
1	3	19132375	-
2	3	19132390	-
1	3	19132393	-
12	3	19132396	-
2	3	19132397	-
2	3	19132414	-
1	3	19132420	-
5	3	19132426	-
6	3	19132429	-
2	3	19132435	-
6	3	19132441	-
1	3	19132465	-
1	3	19132468	-
1	3	19132483	-
10	3	19132501	-
1	3	19132504	-
2	3	19132513	-
2	3	19132543	-
5	3	19132549	-
3	3	19132561	-
1	3	19132563	-
2	3	19132564	-
2	3	19132567	-
4	3	19132573	-
5	3	19132585	-
5	3	19132591	-
1	3	19132597	-
4	3	19132600	-
1	3	19132612	-
2	3	19132621	-
1	3	19132627	-
6	3	19132633	-
6	3	19132636	-
1	3	19132638	-
9	3	19132639	-
5	3	19132642	-
6	3	19132645	-
1	3	19132648	-
3	3	19132651	-
1	3	19132652	-
6	3	19132654	-
1	3	19132657	-
1	3	19132660	-
3	3	19132672	-
1	3	19132675	-
1	3	19132690	-
2	3	19132693	-
1	3	19132696	-
6	3	19132699	-
1	3	19132702	-
3	3	19132705	-
1	3	19132708	-
3	3	19132711	-
9	3	19132717	-
1	3	19132720	-
1	3	19132721	-
1	3	19132723	-
1	3	19132726	-
1	3	19132727	-
1	3	19132732	-
3	3	19132735	-
4	3	19132738	-
8	3	19132756	-
2	3	19132759	-
2	3	19132762	-
3	3	19132768	-
3	3	19132786	-
1	3	19132795	-
5	3	19132798	-
2	3	19132801	-
2	3	19132804	-
3	3	19132887	-
1	3	19132893	-
1	3	19132898	-
1	3	19132901	-
2	3	19132905	-
3	3	19132911	-
5	3	19132914	-
5	3	19132920	-
2	3	19132923	-
1	3	19132929	-
4	3	19132932	-
1	3	19132933	-
18	3	19132935	-
1	3	19132936	-
3	3	19132995	-
1	3	19133016	-
1	3	19133039	-
1	3	19133045	-
1	3	19133048	-
2	3	19133057	-
1	3	19133060	-
1	3	19133069	-
2	3	19133084	-
10	3	19133090	-
1	3	19133094	-
2	3	19133147	-
1	3	19133162	-
1	3	19133167	-
3	3	19133207	-
1	3	19133235	-
3	3	19133281	-
1	3	19133287	-
1	3	19138490	-
1	3	19138616	-
7	3	19138618	-
2	3	19138620	-
8	3	19138621	-
1	3	19138622	-
1	3	19138626	-
3	3	19138639	-
1	3	19138643	-
1	3	19138652	-
1	3	19138653	-
2	3	19138654	-
2	3	19138655	-
1	3	19138657	-
17	3	19138665	-
46	3	19138666	-
1	3	19138667	-
2	3	19138668	-
10	3	19138669	-
1	3	19138749	-
6	3	19138779	-
2	3	19138782	-
1	3	19138784	-
3	3	19138785	-
2	3	19138786	-
5	3	19138787	-
51	3	19138788	-
1	3	19138789	-
30	3	19138791	-
5	3	19138793	-
99	3	19138794	-
2	3	19138795	-
10	3	19138797	-
5	3	19138799	-
4	3	19138800	-
1	3	19138802	-
17	3	19138803	-
7	3	19138804	-
4	3	19138805	-
21	3	19138806	-
2	3	19138807	-
1	3	19138808	-
21	3	19138809	-
1	3	19138810	-
1	3	19138811	-
30	3	19138812	-
20	3	19138815	-
3	3	19138816	-
9	3	19138818	-
1	3	19138819	-
6	3	19138820	-
32	3	19138821	-
1	3	19138822	-
1	3	19138823	-
71	3	19138824	-
1	3	19138825	-
46	3	19138827	-
1	3	19138829	-
115	3	19138830	-
4	3	19138831	-
3	3	19138832	-
38	3	19138833	-
1	3	19138834	-
4	3	19138835	-
64	3	19138836	-
9	3	19138838	-
115	3	19138839	-
10	3	19138840	-
5	3	19138841	-
18	3	19138842	-
5	3	19138844	-
24	3	19138845	-
3	3	19138848	-
12	3	19138851	-
1	3	19138853	-
4	3	19138854	-
6	3	19138857	-
9	3	19138860	-
46	3	19138863	-
1	3	19138864	-
2	3	19138865	-
8	3	19138866	-
1	3	19138867	-
8	3	19138868	-
5	3	19138869	-
3	3	19138872	-
1	3	19138877	-
3	3	19138878	-
1	3	19138881	-
1	3	19138884	-
247	3	19138887	-
6	3	19138888	-
12	3	19138889	-
113	3	19138890	-
2	3	19138891	-
2	3	19138892	-
81	3	19138893	-
4	3	19138894	-
5	3	19138895	-
68	3	19138896	-
1	3	19138897	-
2	3	19138898	-
17	3	19138899	-
46	3	19138902	-
1	3	19138903	-
2	3	19138904	-
73	3	19138905	-
2	3	19138906	-
1	3	19138907	-
28	3	19138908	-
4	3	19138909	-
3	3	19138910	-
25	3	19138911	-
2	3	19138912	-
18	3	19138913	-
115	3	19138914	-
1	3	19138915	-
21	3	19138916	-
41	3	19138917	-
1	3	19138918	-
3	3	19138919	-
34	3	19138920	-
1	3	19138921	-
1	3	19138922	-
97	3	19138923	-
1	3	19138924	-
1	3	19138925	-
12	3	19138926	-
1	3	19138927	-
1	3	19138928	-
8	3	19138929	-
7	3	19138931	-
31	3	19138932	-
1	3	19138933	-
1	3	19138934	-
212	3	19138935	-
27	3	19138941	-
2	3	19138942	-
19	3	19138944	-
19	3	19138947	-
2	3	19138950	-
2	3	19138951	-
1	3	19138953	-
9	3	19138956	-
1	3	19138957	-
1	3	19138959	-
3	3	19138961	-
5	3	19138965	-
58	3	19138968	-
8	3	19138970	-
102	3	19138971	-
5	3	19138972	-
2	3	19138973	-
99	3	19138974	-
9	3	19138975	-
6	3	19138976	-
24	3	19138977	-
3	3	19138978	-
32	3	19138980	-
2	3	19138981	-
9	3	19138982	-
1	3	19138983	-
1	3	19138985	-
2	3	19138986	-
1	3	19138987	-
52	3	19138989	-
4	3	19138991	-
44	3	19138992	-
1	3	19138993	-
6	3	19138994	-
54	3	19138995	-
1	3	19138996	-
3	3	19138997	-
11	3	19138998	-
1	3	19138999	-
23	3	19139000	-
25	3	19139001	-
2	3	19139002	-
23	3	19139003	-
9	3	19139004	-
1	3	19139006	-
40	3	19139010	-
1	3	19139011	-
2	3	19139012	-
19	3	19139013	-
3	3	19139014	-
6	3	19139015	-
68	3	19139016	-
3	3	19139017	-
65	3	19139019	-
3	3	19139020	-
5	3	19139022	-
1	3	19139024	-
4	3	19139025	-
1	3	19139029	-
3	3	19139030	-
15	3	19139031	-
1	3	19139033	-
11	3	19139034	-
1	3	19139035	-
6	3	19139036	-
1	3	19139037	-
1	3	19139040	-
2	3	19139043	-
12	3	19139046	-
1	3	19139048	-
14	3	19139049	-
7	3	19139051	-
81	3	19139052	-
3	3	19139053	-
5	3	19139054	-
12	3	19139055	-
1	3	19139057	-
1	3	19139058	-
9	3	19139064	-
35	3	19139067	-
3	3	19139069	-
7	3	19139070	-
12	3	19139073	-
1	3	19139075	-
389	3	19139076	-
13	3	19139077	-
41	3	19139078	-
86	3	19139079	-
3	3	19139080	-
4	3	19139081	-
222	3	19139082	-
2	3	19139084	-
31	3	19139085	-
2	3	19139086	-
14	3	19139088	-
2	3	19139089	-
44	3	19139091	-
4	3	19139093	-
53	3	19139094	-
5	3	19139095	-
129	3	19139097	-
7	3	19139098	-
3	3	19139099	-
148	3	19139100	-
23	3	19139101	-
1	3	19139102	-
53	3	19139103	-
16	3	19139106	-
2	3	19139107	-
87	3	19139109	-
1	3	19139110	-
1	3	19139111	-
28	3	19139112	-
3	3	19139113	-
10	3	19139115	-
1	3	19139116	-
25	3	19139118	-
1	3	19139119	-
5	3	19139120	-
18	3	19139121	-
205	3	19139124	-
11	3	19139125	-
1	3	19139126	-
1	3	19139149	-
1	3	19139153	-
1	3	19139154	-
2	3	19139165	-
1	3	19139416	-
2	3	19139737	-
1	3	19139738	-
5	3	19139741	-
2	3	19139743	-
23	3	19139744	-
20	3	19139747	-
2	3	19139750	-
1	3	19139862	-
2	3	19139865	-
1	3	19139868	-
5	3	19139871	-
1	3	19139873	-
6	3	19139874	-
22	3	19139877	-
6	3	19139880	-
1	3	19139881	-
4	3	19139883	-
7	3	19139886	-
15	3	19139889	-
3	3	19139895	-
1	3	19139897	-
1	3	19139910	-
2	3	19139916	-
3	3	19139919	-
1	3	19139922	-
5	3	19140021	-
1	3	19140022	-
1	3	19140030	-
1	3	19140042	-
2	3	19140048	-
4	3	19140051	-
3	3	19140054	-
3	3	19140057	-
6	3	19140060	-
3	3	19140063	-
3	3	19140075	-
1	3	19140076	-
2	3	19140193	-
11	3	19140211	-
12	3	19140214	-
2	3	19140217	-
3	3	19140220	-
1	3	19140222	-
8	3	19140223	-
5	3	19140226	-
26	3	19140235	-
9	3	19140238	-
5	3	19140241	-
6	3	19140244	-
3	3	19140246	-
4	3	19140247	-
12	3	19140250	-
2	3	19140252	-
3	3	19140253	-
6	3	19140259	-
22	3	19140262	-
1	3	19140265	-
1	3	19140267	-
2	3	19140268	-
8	3	19140270	-
5	3	19140271	-
1	3	19140272	-
2	3	19140274	-
2	3	19140277	-
3	3	19140283	-
3	3	19140284	-
3	3	19140864	-
8	3	19140867	-
7	3	19140870	-
3	3	19140873	-
5	3	19140876	-
9	3	19140879	-
4	3	19140882	-
2	3	19140885	-
5	3	19140888	-
5	3	19140891	-
17	3	19140897	-
1	3	19140898	-
12	3	19140900	-
1	3	19140906	-
2	3	19140912	-
6	3	19140915	-
5	3	19140921	-
2	3	19140922	-
2	3	19140924	-
8	3	19141062	-
25	3	19141065	-
1	3	19141066	-
33	3	19141068	-
18	3	19141071	-
14	3	19141074	-
1	3	19141075	-
1	3	19141076	-
25	3	19141077	-
15	3	19141080	-
1	3	19141082	-
64	3	19141083	-
14	3	19141086	-
11	3	19141089	-
1	3	19141090	-
3	3	19141092	-
9	3	19141095	-
11	3	19141098	-
2	3	19141100	-
20	3	19141101	-
13	3	19141104	-
2	3	19141107	-
1	3	19141108	-
3	3	19141110	-
1	3	19141111	-
7	3	19141113	-
3	3	19141116	-
6	3	19141119	-
1	3	19141121	-
5	3	19141122	-
34	3	19141125	-
3	3	19141126	-
10	3	19141127	-
6	3	19141128	-
1	3	19141130	-
9	3	19141131	-
2	3	19141134	-
3	3	19141142	-
11	3	19141143	-
1	3	19141145	-
6	3	19141146	-
11	3	19141554	-
2	3	19141555	-
27	3	19141557	-
2	3	19141558	-
8	3	19141566	-
5	3	19141569	-
2	3	19141572	-
8	3	19141581	-
19	3	19141584	-
1	3	19141590	-
6	3	19141593	-
3	3	19141595	-
23	3	19141596	-
2	3	19141599	-
2	3	19141605	-
9	3	19141608	-
2	3	19141693	-
1	3	19141703	-
5	3	19141704	-
12	3	19141707	-
2	3	19141710	-
1	3	19141712	-
2	3	19141713	-
1	3	19141715	-
2	3	19141716	-
13	3	19141728	-
1	3	19141729	-
13	3	19141731	-
1	3	19141736	-
7	3	19141737	-
9	3	19141740	-
3	3	19141743	-
2	3	19141745	-
11	3	19141746	-
6	3	19141749	-
12	3	19141752	-
2	3	19141755	-
3	3	19141839	-
3	3	19141845	-
1	3	19141846	-
1	3	19141851	-
1	3	19141854	-
7	3	19141857	-
1	3	19141860	-
1	3	19141866	-
7	3	19141872	-
4	3	19141875	-
1	3	19141876	-
1	3	19141877	-
2	3	19141878	-
1	3	19141880	-
6	3	19141881	-
2	3	19141884	-
2	3	19141898	-
1	3	19141902	-
1	3	19141904	-
1	3	19141908	-
2	3	19141911	-
5	3	19141914	-
2	3	19141919	-
3	3	19141920	-
1	3	19141922	-
1	3	19141923	-
1	3	19141925	-
3	3	19141926	-
9	3	19141929	-
4	3	19141938	-
7	3	19141941	-
2	3	19141944	-
2	3	19141947	-
1	3	19141951	-
2	3	19141959	-
1	3	19142020	-
2	3	19143638	+
1	3	19143707	+
1	3	19143740	+
3	3	19143785	+
7	3	19143786	+
1	3	19143868	+
2	3	19143874	+
1	3	19143877	+
1	3	19143886	+
2	3	19143908	+
1	3	19143916	+
3	3	19143928	+
1	3	19143937	+
3	3	19143952	+
10	3	19143955	+
1	3	19143979	+
8	3	19143988	+
2	3	19144012	+
2	3	19144016	+
1	3	19144019	+
1	3	19144021	+
17	3	19144024	+
1	3	19144027	+
1	3	19144030	+
9	3	19144033	+
6	3	19144036	+
8	3	19144039	+
2	3	19144041	+
9	3	19144042	+
1	3	19144044	+
4	3	19144045	+
1	3	19144046	+
1	3	19144063	+
2	3	19144064	+
1	3	19144069	+
1	3	19144078	+
2	3	19144081	+
1	3	19144440	+
1	3	19144443	+
1	3	19144458	+
1	3	19144461	+
1	3	19144467	+
1	3	19144468	+
1	3	19144470	+
1	3	19144471	+
1	3	19144473	+
3	3	19144476	+
1	3	19144479	+
1	3	19144483	+
1	3	19144488	+
1	3	19144496	+
2	3	19144506	+
2	3	19144539	+
2	3	19144542	+
2	3	19144545	+
2	3	19144547	+
2	3	19144548	+
1	3	19144554	+
1	3	19144557	+
1	3	19144563	+
5	3	19144590	+
1	3	19144776	+
2	3	19144788	+
1	3	19144794	+
1	3	19144809	+
2	3	19144812	+
2	3	19144815	+
2	3	19144818	+
1	3	19144821	+
1	3	19144824	+
2	3	19144828	+
2	3	19144830	+
4	3	19144833	+
2	3	19144839	+
2	3	19144866	+
1	3	19145232	+
5	3	19145235	+
6	3	19145238	+
2	3	19145241	+
2	3	19145244	+
3	3	19145253	+
2	3	19145265	+
9	3	19145274	+
2	3	19145277	+
3	3	19145280	+
2	3	19145281	+
3	3	19145283	+
2	3	19145289	+
3	3	19145292	+
1	3	19145293	+
1	3	19145295	+
4	3	19145307	+
3	3	19145334	+
3	3	19145337	+
1	3	19145346	+
6	3	19145349	+
4	3	19145358	+
1	3	19145369	+
2	3	19145370	+
1	3	19145385	+
1	3	19145388	+
5	3	19145400	+
2	3	19145409	+
2	3	19145412	+
2	3	19145494	+
2	3	19145518	+
2	3	19145521	+
6	3	19145524	+
1	3	19145525	+
4	3	19145527	+
4	3	19145557	+
1	3	19145560	+
4	3	19145581	+
1	3	19145587	+
4	3	19145590	+
2	3	19145593	+
3	3	19145596	+
1	3	19145681	+
1	3	19145699	+
2	3	19145705	+
1	3	19145708	+
2	3	19145720	+
5	3	19145726	+
6	3	19145732	+
2	3	19145741	+
1	3	19145744	+
1	3	19145750	+
1	3	19145755	+
1	3	19145756	+
1	3	19145762	+
4	3	19145765	+
1	3	19145768	+
1	3	19145771	+
4	3	19145798	+
2	3	19145813	+
12	3	19145831	+
4	3	19145837	+
2	3	19146227	+
10	3	19146259	+
5	3	19146274	+
3	3	19146282	+
6	3	19146283	+
2	3	19146304	+
1	3	19146310	+
1	3	19146313	+
1	3	19146320	+
1	3	19146325	+
2	3	19146328	+
1	3	19146329	+
1	3	19146338	+
3	3	19146340	+
1	3	19146349	+
2	3	19146361	+
1	3	19146400	+
8	3	19146412	+
2	3	19146420	+
3	3	19146421	+
1	3	19146433	+
1	3	19146442	+
1	3	19146445	+
1	3	19146472	+
3	3	19146478	+
1	3	19146481	+
2	3	19146484	+
1	3	19146493	+
1	3	19146508	+
3	3	19146520	+
3	3	19146532	+
18	3	19146535	+
1	3	19146536	+
2	3	19146541	+
1	3	19146542	+
2	3	19146544	+
2	3	19146547	+
1	3	19146550	+
1	3	19146556	+
1	3	19146559	+
2	3	19146565	+
1	3	19146568	+
1	3	19146571	+
2	3	19146592	+
3	3	19146604	+
1	3	19146606	+
2	3	19146607	+
1	3	19146619	+
1	3	19146622	+
1	3	19146631	+
2	3	19146640	+
1	3	19146643	+
4	3	19146649	+
3	3	19146652	+
1	3	19146655	+
1	3	19146664	+
8	3	19146673	+
4	3	19146676	+
4	3	19146679	+
5	3	19146687	+
10	3	19146688	+
4	3	19146691	+
3	3	19146694	+
2	3	19146697	+
2	3	19146700	+
5	3	19146706	+
1	3	19146707	+
17	3	19146709	+
1	3	19146712	+
9	3	19146715	+
2	3	19146721	+
4	3	19146736	+
1	3	19146739	+
4	3	19146751	+
1	3	19146754	+
3	3	19146763	+
7	3	19146781	+
1	3	19146784	+
3	3	19146790	+
1	3	19146826	+
1	3	19146829	+
2	3	19146832	+
3	3	19146841	+
2	3	19146853	+
3	3	19146856	+
2	3	19146862	+
1	3	19146865	+
12	3	19146871	+
2	3	19146874	+
3	3	19146883	+
1	3	19146895	+
2	3	19146919	+
3	3	19146940	+
3	3	19146970	+
1	3	19146976	+
2	3	19146979	+
9	3	19146985	+
1	3	19146986	+
1	3	19146988	+
1	3	19146994	+
2	3	19146995	+
1	3	19146997	+
1	3	19147000	+
1	3	19147009	+
2	3	19147030	+
2	3	19147033	+
1	3	19147036	+
2	3	19147039	+
1	3	19147075	+
1	3	19147081	+
1	3	19147087	+
1	3	19147097	+
1	3	19147102	+
1	3	19147110	+
1	3	19147126	+
1	3	19147129	+
2	3	19147132	+
1	3	19147138	+
1	3	19147156	+
2	3	19147165	+
1	3	19147175	+
1	3	19147180	+
9	3	19147201	+
10	3	19147204	+
2	3	19147210	+
1	3	19147214	+
3	3	19147216	+
1	3	19147222	+
1	3	19147225	+
2	3	19147227	+
2	3	19147234	+
2	3	19147237	+
1	3	19147240	+
1	3	19147243	+
2	3	19147249	+
1	3	19147254	+
1	3	19147270	+
1	3	19147276	+
3	3	19147279	+
1	3	19147280	+
2	3	19147288	+
6	3	19147291	+
1	3	19147303	+
1	3	19147400	+
1	3	19147401	+
3	3	19147405	+
3	3	19147415	+
1	3	19147472	+
3	3	19147475	+
1	3	19147484	+
1	3	19147487	+
1	3	19147496	+
2	3	19147505	+
3	3	19147511	+
9	3	19147514	+
1	3	19147517	+
1	3	19147520	+
1	3	19147523	+
1	3	19147529	+
3	3	19147535	+
2	3	19147538	+
1	3	19147568	+
9	3	19147571	+
1	3	19147589	+
2	3	19147592	+
1	3	19147595	+
1	3	19147598	+
2	3	19147622	+
4	3	19147625	+
2	3	19147631	+
2	3	19147634	+
3	3	19147640	+
1	3	19147668	+
1	3	19147723	+
1	3	19147724	+
2	3	19147742	+
1	3	19147766	+
7	3	19147769	+
3	3	19147778	+
1	3	19147876	+
1	3	19147888	+
2	3	19147906	+
5	3	19147915	+
1	3	19147918	+
2	3	19147921	+
1	3	19147927	+
2	3	19147930	+
3	3	19147963	+
1	3	19148897	+
7	3	19148963	+
3	3	19148972	+
1	3	19148978	+
2	3	19148990	+
33	3	19148999	+
3	3	19149009	+
1	3	19149021	+
3	3	19149207	+
3	3	19149210	+
2	3	19149234	+
1	3	19149237	+
2	3	19149249	+
1	3	19149250	+
2	3	19149255	+
1	3	19149261	+
1	3	19149265	+
1	3	19149294	+
1	3	19149304	+
1	3	19149306	+
1	3	19149315	+
1	3	19149321	+
3	3	19149342	+
2	3	19149345	+
7	3	19149352	+
2	3	19149354	+
4	3	19149355	+
5	3	19149357	+
10	3	19149369	+
1	3	19149371	+
4	3	19149372	+
1	3	19149375	+
1	3	19149378	+
1	3	19149381	+
2	3	19149492	+
1	3	19149504	+
1	3	19149507	+
1	3	19149515	+
2	3	19149526	+
2	3	19149529	+
1	3	19149548	+
2	3	19149864	+
4	3	19149870	+
2	3	19149924	+
1	3	19149948	+
1	3	19150038	+
2	3	19150077	+
2	3	19150199	+
1	3	19150202	+
2	3	19150214	+
2	3	19150230	+
1	3	19150247	+
2	3	19150250	+
6	3	19150277	+
1	3	19150307	+
1	3	19150310	+
1	3	19150313	+
1	3	19150316	+
1	3	19150328	+
1	3	19150407	+
1	3	19150531	+
1	3	19150543	+
1	3	19150558	+
1	3	19150577	+
1	3	19150591	+
1	3	19150603	+
1	3	19150624	+
1	3	19150651	+
2	3	19150654	+
3	3	19150800	+
1	3	19150869	+
1	3	19150887	+
2	3	19150986	+
2	3	19150989	+
2	3	19151016	+
2	3	19151019	+
1	3	19151025	+
1	3	19151354	+
2	3	19151358	+
1	3	19151397	+
1	3	19151418	+
1	3	19151421	+
1	3	19151448	+
1	3	19151499	+
2	3	19151592	+
1	3	19151595	+
2	3	19151613	+
2	3	19151637	+
1	3	19151646	+
2	3	19151652	+
1	3	19151658	+
1	3	19151670	+
1	3	19151673	+
1	3	19151721	+
1	3	19151735	+
2	3	19151775	+
1	3	19151778	+
1	3	19151835	+
1	3	19151874	+
1	3	19151880	+
2	3	19151883	+
1	3	19151910	+
1	3	19152599	+
1	3	19152600	+
1	3	19152634	+
1	3	19152647	+
1	3	19152663	+
1	3	19152666	+
2	3	19152678	+
1	3	19152720	+
1	3	19152732	+
1	3	19152766	+
1	3	19152793	+
1	3	19152794	+
1	3	19152862	+
4	3	19152909	+
5	3	19153857	+
2	3	19153893	+
2	3	19153918	+
2	3	19153930	+
1	3	19154089	+
1	3	19154100	+
2	3	19154115	+
3	3	19154145	+
1	3	19154166	+
2	3	19154229	+
1	3	19154300	+
1	3	19154315	+
1	3	19154318	+
1	3	19154324	+
1	3	19154327	+
1	3	19154351	+
1	3	19154363	+
1	3	19154366	+
1	3	19154367	+
1	3	19154369	+
3	3	19154378	+
2	3	19154402	+
3	3	19154405	+
1	3	19154406	+
1	3	19154408	+
2	3	19154419	+
1	3	19154420	+
2	3	19154423	+
1	3	19154437	+
1	3	19154439	+
1	3	19154446	+
3	3	19154447	+
1	3	19154452	+
1	3	19154462	+
3	3	19154501	+
2	3	19154504	+
2	3	19154507	+
1	3	19154546	+
1	3	19154553	+
1	3	19154554	+
1	3	19154555	+
4	3	19154561	+
2	3	19154564	+
1	3	19154567	+
1	3	19154573	+
1	3	19154606	+
1	3	19154654	+
2	3	19154665	+
1	3	19154666	+
1	3	19154667	+
6	3	19154669	+
9	3	19154672	+
11	3	19154675	+
2	3	19154678	+
2	3	19154699	+
2	3	19154708	+
1	3	19154717	+
2	3	19154720	+
5	3	19154726	+
1	3	19154729	+
1	3	19154744	+
1	3	19154756	+
4	3	19154798	+
1	3	19154804	+
1	3	19154824	+
1	3	19154825	+
1	3	19154828	+
1	3	19154829	+
1	3	19154840	+
1	3	19154855	+
1	3	19154858	+
3	3	19154873	+
1	3	19154921	+
2	3	19154942	+
1	3	19154948	+
1	3	19154957	+
1	3	19154969	+
1	3	19154972	+
2	3	19154974	+
1	3	19154985	+
1	3	19154987	+
1	3	19154990	+
2	3	19154993	+
1	3	19154994	+
2	3	19154996	+
3	3	19155005	+
2	3	19155008	+
1	3	19155020	+
3	3	19155035	+
2	3	19155038	+
1	3	19155092	+
1	3	19155126	+
1	3	19155176	+
1	3	19155185	+
1	3	19155206	+
1	3	19155227	+
6	3	19155242	+
3	3	19155245	+
1	3	19155251	+
8	3	19155254	+
3	3	19155266	+
1	3	19155272	+
2	3	19155275	+
2	3	19155278	+
1	3	19155287	+
2	3	19155302	+
1	3	19155332	+
3	3	19155344	+
3	3	19155401	+
3	3	19155416	+
1	3	19155425	+
1	3	19155428	+
6	3	19155431	+
1	3	19155449	+
1	3	19155461	+
3	3	19155464	+
1	3	19155479	+
1	3	19155485	+
1	3	19155491	+
2	3	19155494	+
1	3	19155500	+
2	3	19155518	+
2	3	19155554	+
2	3	19155557	+
3	3	19155560	+
7	3	19155563	+
1	3	19155569	+
3	3	19155585	+
4	3	19155593	+
2	3	19155600	+
1	3	19155638	+
1	3	19155656	+
1	3	19155698	+
1	3	19155701	+
3	3	19155707	+
1	3	19155711	+
2	3	19155713	+
3	3	19155716	+
2	3	19155719	+
3	3	19155722	+
2	3	19155731	+
1	3	19155739	+
1	3	19155744	+
1	3	19155761	+
6	3	19155764	+
3	3	19155767	+
2	3	19155988	+
1	3	19155990	+
1	3	19155991	+
1	3	19156009	+
1	3	19156024	+
1	3	19156027	+
1	3	19156030	+
1	3	19156045	+
2	3	19156078	+
1	3	19156092	+
1	3	19156108	+
2	3	19156123	+
1	3	19156126	+
1	3	19156141	+
1	3	19156144	+
1	3	19156145	+
1	3	19156183	+
1	3	19156207	+
1	3	19156228	+
1	3	19156240	+
1	3	19156249	+
1	3	19156258	+
1	3	19156261	+
1	3	19156267	+
1	3	19156273	+
1	3	19156285	+
1	3	19156291	+
3	3	19156294	+
1	3	19156297	+
1	3	19156312	+
1	3	19156315	+
7	3	19156330	+
1	3	19156333	+
1	3	19156336	+
2	3	19156348	+
2	3	19156349	+
6	3	19156351	+
1	3	19156360	+
3	3	19156369	+
1	3	19156381	+
4	3	19156396	+
1	3	19156402	+
1	3	19156411	+
1	3	19156414	+
1	3	19156420	+
2	3	19156432	+
1	3	19156446	+
7	3	19156447	+
1	3	19156456	+
1	3	19156462	+
1	3	19156483	+
1	3	19156484	+
1	3	19156494	+
3	3	19156501	+
3	3	19156519	+
1	3	19156532	+
2	3	19156555	+
1	3	19156558	+
1	3	19156564	+
4	3	19156573	+
1	3	19156574	+
3	3	19156582	+
2	3	19156585	+
2	3	19156591	+
1	3	19156597	+
1	3	19156600	+
1	3	19156603	+
3	3	19156606	+
1	3	19156624	+
3	3	19156627	+
1	3	19156630	+
1	3	19156642	+
3	3	19156645	+
8	3	19156648	+
1	3	19156681	+
1	3	19156684	+
1	3	19156693	+
1	3	19156696	+
7	3	19156699	+
1	3	19156702	+
1	3	19156704	+
2	3	19156705	+
2	3	19156708	+
1	3	19156710	+
4	3	19156712	+
10	3	19156714	+
1	3	19156717	+
2	3	19156723	+
1	3	19156765	+
1	3	19156789	+
1	3	19156792	+
1	3	19156795	+
1	3	19156797	+
1	3	19156798	+
1	3	19156831	+
2	3	19156837	+
2	3	19156840	+
1	3	19156900	+
1	3	19156903	+
1	3	19156909	+
3	3	19156921	+
1	3	19156924	+
1	3	19156930	+
3	3	19156933	+
1	3	19157048	+
1	3	19157060	+
2	3	19157078	+
1	3	19157080	+
1	3	19157083	+
2	3	19157084	+
2	3	19157090	+
1	3	19157099	+
1	3	19157104	+
1	3	19157105	+
4	3	19157108	+
1	3	19157120	+
2	3	19157123	+
1	3	19157126	+
2	3	19157688	+
1	3	19157722	+
1	3	19157723	+
1	3	19157772	+
1	3	19157820	+
1	3	19157881	+
2	3	19157950	+
1	3	19158973	+
1	3	19158982	+
1	3	19159008	+
1	3	19159069	+
6	3	19159091	+
3	3	19159112	+
1	3	19159249	+
1	3	19159255	+
1	3	19159261	+
1	3	19159286	+
1	3	19159287	+
3	3	19159306	+
1	3	19159369	+
1	3	19159452	+
1	3	19159465	+
1	3	19159467	+
1	3	19159482	+
1	3	19159488	+
1	3	19159503	+
3	3	19159506	+
1	3	19159509	+
1	3	19159521	+
1	3	19159524	+
1	3	19159533	+
1	3	19159557	+
1	3	19159560	+
3	3	19159563	+
1	3	19159578	+
1	3	19159592	+
1	3	19159594	+
3	3	19159602	+
1	3	19159608	+
1	3	19159622	+
1	3	19159623	+
1	3	19159645	+
1	3	19159655	+
1	3	19159656	+
4	3	19159659	+
1	3	19159662	+
1	3	19159701	+
1	3	19159707	+
4	3	19159710	+
1	3	19159713	+
3	3	19159716	+
1	3	19159722	+
2	3	19159740	+
1	3	19159757	+
1	3	19159759	+
2	3	19159764	+
1	3	19159809	+
1	3	19159815	+
4	3	19159827	+
5	3	19159830	+
6	3	19159836	+
1	3	19159852	+
2	3	19159854	+
3	3	19159863	+
1	3	19159869	+
6	3	19159881	+
2	3	19159884	+
1	3	19159899	+
5	3	19159953	+
1	3	19159972	+
3	3	19159979	+
1	3	19159980	+
3	3	19159983	+
1	3	19159989	+
1	3	19159992	+
2	3	19160013	+
2	3	19160016	+
1	3	19160028	+
1	3	19160076	+
1	3	19160082	+
1	3	19160100	+
1	3	19160128	+
2	3	19160129	+
1	3	19160134	+
3	3	19160139	+
1	3	19160142	+
2	3	19160145	+
3	3	19160148	+
3	3	19160151	+
1	3	19160154	+
1	3	19160160	+
1	3	19160163	+
1	3	19160166	+
1	3	19160169	+
1	3	19160178	+
1	3	19160202	+
1	3	19160247	+
1	3	19160262	+
1	3	19160319	+
1	3	19160331	+
1	3	19160379	+
2	3	19160382	+
1	3	19160383	+
1	3	19160385	+
3	3	19160394	+
2	3	19160397	+
1	3	19160400	+
1	3	19160403	+
1	3	19160409	+
1	3	19160427	+
4	3	19160430	+
1	3	19160451	+
1	3	19160487	+
2	3	19160499	+
2	3	19160505	+
1	3	19160586	+
1	3	19160618	+
1	3	19160619	+
1	3	19160628	+
1	3	19160637	+
2	3	19160652	+
1	3	19160661	+
3	3	19160664	+
2	3	19160667	+
5	3	19160673	+
4	3	19160676	+
1	3	19160705	+
7	3	19160709	+
1	3	19160710	+
4	3	19160712	+
1	3	19160715	+
2	3	19160724	+
1	3	19160739	+
1	3	19160740	+
2	3	19160742	+
1	3	19160776	+
1	3	19160790	+
2	3	19160793	+
1	3	19160799	+
1	3	19160811	+
1	3	19160814	+
2	3	19160819	+
2	3	19160820	+
1	3	19160841	+
1	3	19160844	+
1	3	19160850	+
2	3	19160856	+
2	3	19160862	+
1	3	19160865	+
2	3	19160877	+
3	3	19160880	+
1	3	19160883	+
1	3	19160892	+
2	3	19160904	+
1	3	19160913	+
4	3	19160919	+
4	3	19160922	+
1	3	19161115	+
6	3	19161121	+
1	3	19161142	+
1	3	19161160	+
1	3	19161163	+
1	3	19161175	+
1	3	19161181	+
3	3	19161208	+
1	3	19161211	+
1	3	19161220	+
1	3	19161226	+
2	3	19161248	+
1	3	19161253	+
1	3	19161268	+
1	3	19161277	+
1	3	19161292	+
1	3	19161298	+
2	3	19161304	+
1	3	19161325	+
1	3	19161328	+
1	3	19161332	+
2	3	19161340	+
1	3	19161347	+
2	3	19161349	+
1	3	19161361	+
2	3	19161382	+
1	3	19161385	+
2	3	19161391	+
4	3	19161427	+
1	3	19161445	+
1	3	19161449	+
2	3	19161451	+
1	3	19161454	+
2	3	19161460	+
5	3	19161463	+
1	3	19161478	+
1	3	19161481	+
3	3	19161482	+
3	3	19161484	+
3	3	19161487	+
1	3	19161488	+
3	3	19161502	+
1	3	19161505	+
5	3	19161514	+
4	3	19161517	+
1	3	19161523	+
2	3	19161529	+
3	3	19161541	+
2	3	19161547	+
1	3	19161574	+
1	3	19161579	+
3	3	19161580	+
1	3	19161589	+
1	3	19161594	+
2	3	19161616	+
2	3	19161619	+
1	3	19161631	+
1	3	19161634	+
2	3	19161652	+
1	3	19161655	+
2	3	19161658	+
4	3	19161730	+
2	3	19161736	+
6	3	19161739	+
2	3	19161757	+
1	3	19161760	+
2	3	19161763	+
4	3	19161772	+
1	3	19161775	+
3	3	19161784	+
1	3	19161799	+
1	3	19161800	+
1	3	19161811	+
1	3	19161814	+
2	3	19161817	+
5	3	19161832	+
2	3	19161833	+
1	3	19161837	+
3	3	19161841	+
1	3	19161844	+
1	3	19161845	+
6	3	19161847	+
1	3	19161850	+
1	3	19161856	+
1	3	19161876	+
1	3	19161898	+
2	3	19161901	+
2	3	19161904	+
2	3	19161910	+
1	3	19161925	+
2	3	19161928	+
1	3	19161934	+
1	3	19161970	+
1	3	19161973	+
2	3	19161976	+
1	3	19161994	+
1	3	19162042	+
1	3	19162060	+
2	3	19162065	+
5	3	19162066	+
1	3	19162205	+
1	3	19162211	+
1	3	19162214	+
1	3	19162232	+
2	3	19162238	+
2	3	19162244	+
4	3	19162253	+
1	3	19164233	-
10	3	19164234	-
2	3	19164237	-
6	3	19164240	-
1	3	19164242	-
2	3	19164248	-
9	3	19164276	-
2	3	19164277	-
2	3	19164278	-
1	3	19164280	-
3	3	19164285	-
1	3	19164294	-
1	3	19164303	-
1	3	19164309	-
3	3	19164315	-
1	3	19164316	-
4	3	19164324	-
3	3	19164327	-
1	3	19164330	-
15	3	19164339	-
1	3	19164342	-
6	3	19164348	-
1	3	19164349	-
2	3	19164351	-
8	3	19164354	-
1	3	19164369	-
4	3	19164372	-
2	3	19164381	-
4	3	19164390	-
2	3	19164408	-
1	3	19164426	-
2	3	19164427	-
1	3	19164432	-
1	3	19164435	-
3	3	19164453	-
9	3	19164456	-
1	3	19164968	-
4	3	19164971	-
1	3	19165004	-
2	3	19165007	-
3	3	19165022	-
2	3	19165025	-
1	3	19165028	-
3	3	19165058	-
1	3	19165064	-
1	3	19165123	-
2	3	19168837	+
1	3	19168870	+
3	3	19168875	+
3	3	19168876	+
1	3	19168891	+
10	3	19168912	+
1	3	19168915	+
6	3	19168927	+
1	3	19168933	+
2	3	19168942	+
6	3	19168945	+
1	3	19168946	+
4	3	19168948	+
2	3	19168954	+
2	3	19168956	+
7	3	19168957	+
1	3	19168958	+
1	3	19168960	+
2	3	19168969	+
1	3	19168971	+
4	3	19168972	+
1	3	19168978	+
3	3	19168987	+
3	3	19168990	+
1	3	19168993	+
1	3	19168995	+
2	3	19168996	+
2	3	19169002	+
2	3	19169003	+
1	3	19169005	+
4	3	19169008	+
1	3	19169009	+
11	3	19169011	+
5	3	19169012	+
5	3	19169014	+
2	3	19169015	+
19	3	19169017	+
4	3	19169020	+
2	3	19169023	+
2	3	19169025	+
2	3	19169026	-
7	3	19169026	+
1	3	19169027	+
2	3	19169029	+
4	3	19169032	+
2	3	19169037	+
1	3	19169038	+
2	3	19169039	+
1	3	19169041	+
5	3	19169047	+
2	3	19169050	+
5	3	19169053	+
3	3	19169058	+
1	3	19169059	+
2	3	19169062	+
20	3	19169065	+
1	3	19169066	+
1	3	19169068	+
1	3	19169070	+
5	3	19169071	+
7	3	19169074	+
11	3	19169077	+
3	3	19169083	+
1	3	19169092	+
4	3	19169098	+
5	3	19169101	+
1	3	19169104	+
1	3	19169105	+
4	3	19169107	+
1	3	19169108	+
4	3	19169110	+
5	3	19169113	+
1	3	19169115	+
6	3	19169116	+
1	3	19169125	+
2	3	19169128	+
1	3	19169143	+
3	3	19169146	+
1	3	19169148	+
5	3	19169149	+
32	3	19169152	+
8	3	19169155	+
19	3	19169158	+
11	3	19169161	+
2	3	19169164	+
8	3	19169167	+
3	3	19169170	+
1	3	19169172	+
29	3	19169173	+
3	3	19169176	+
10	3	19169179	+
4	3	19169181	+
27	3	19169182	+
1	3	19169183	+
6	3	19169185	+
3	3	19169188	+
6	3	19169191	+
7	3	19169194	+
1	3	19169196	+
41	3	19169197	+
1	3	19169198	+
7	3	19169200	+
5	3	19169202	+
10	3	19169203	+
2	3	19169209	+
14	3	19169212	+
12	3	19169213	+
6	3	19169215	+
4	3	19169218	+
23	3	19169221	+
1	3	19169222	+
2	3	19169236	+
7	3	19169239	+
3	3	19169245	+
3	3	19169248	+
1	3	19169255	+
23	3	19169257	+
2	3	19169258	+
9	3	19169260	+
3	3	19169262	+
7	3	19169263	+
2	3	19169264	+
9	3	19169266	+
1	3	19169269	+
3	3	19169272	+
11	3	19169275	+
1	3	19169276	+
2	3	19169278	+
1	3	19169279	+
3	3	19169280	+
7	3	19169281	+
17	3	19169284	+
5	3	19169285	+
7	3	19169287	+
2	3	19169290	+
13	3	19169299	+
1	3	19169300	+
11	3	19169305	+
5	3	19169308	+
3	3	19169311	+
10	3	19169314	+
1	3	19169316	+
45	3	19169317	+
5	3	19169318	+
2	3	19169319	+
8	3	19169320	+
1	3	19169323	+
1	3	19169329	+
3	3	19169332	+
7	3	19169335	+
6	3	19169338	+
9	3	19169341	+
4	3	19169344	+
6	3	19169350	+
1	3	19169353	+
1	3	19169354	+
2	3	19169356	+
11	3	19169359	+
13	3	19169362	+
1	3	19169363	+
1	3	19169364	+
14	3	19169365	+
1	3	19169367	+
2	3	19169368	+
4	3	19169371	+
5	3	19169374	+
7	3	19169377	+
1	3	19169380	+
3	3	19169395	+
1	3	19169398	+
3	3	19169400	+
2	3	19169406	+
8	3	19169407	+
2	3	19169410	+
3	3	19169412	+
4	3	19169413	+
3	3	19169416	+
17	3	19169419	+
4	3	19169420	+
1	3	19169421	+
46	3	19169422	+
1	3	19169423	+
2	3	19169424	+
25	3	19169425	+
2	3	19169427	+
28	3	19169428	+
3	3	19169430	+
37	3	19169431	+
1	3	19169432	+
2	3	19169437	+
2	3	19169440	+
2	3	19169461	+
15	3	19169464	+
1	3	19169466	+
51	3	19169467	+
2	3	19169468	+
2	3	19169470	+
3	3	19169473	+
1	3	19169474	+
1	3	19169476	+
1	3	19169479	+
1	3	19169482	+
2	3	19169485	+
1	3	19169488	-
1	3	19169494	+
2	3	19169500	+
10	3	19169503	+
3	3	19169506	+
1	3	19169508	+
18	3	19169509	+
4	3	19169512	+
1	3	19169513	+
3	3	19169515	+
6	3	19169518	+
14	3	19169521	+
10	3	19169524	+
3	3	19169525	+
3	3	19169526	+
38	3	19169527	+
2	3	19169529	+
6	3	19169530	+
6	3	19169533	+
3	3	19169536	+
2	3	19169539	+
2	3	19169542	+
4	3	19169545	+
7	3	19169548	+
1	3	19169549	+
2	3	19169551	+
16	3	19169557	+
4	3	19169561	+
6	3	19169563	+
8	3	19169566	+
7	3	19169569	+
1	3	19169572	+
4	3	19169575	+
4	3	19169584	+
1	3	19169586	+
17	3	19169587	+
6	3	19169590	+
2	3	19169593	+
8	3	19169596	+
4	3	19169599	+
2	3	19169600	+
1	3	19169602	+
4	3	19169605	+
33	3	19169608	+
2	3	19169610	+
1	3	19169903	+
44	3	19170127	+
18	3	19170130	+
1	3	19170133	+
6	3	19170136	+
5	3	19170141	+
37	3	19170142	+
2	3	19170143	+
1	3	19170144	+
39	3	19170145	+
7	3	19170148	+
3	3	19170151	+
1	3	19170152	+
7	3	19170154	+
1	3	19170156	+
37	3	19170157	+
1	3	19170158	+
3	3	19170160	+
2	3	19170163	+
1	3	19170165	+
5	3	19170166	+
2	3	19170167	+
21	3	19170169	+
1	3	19170175	+
1	3	19170178	+
6	3	19170179	+
40	3	19170181	+
4	3	19170182	+
1	3	19170183	+
5	3	19170184	+
15	3	19170187	+
1	3	19170188	+
1	3	19170189	+
1	3	19170190	+
2	3	19170192	+
12	3	19170193	+
2	3	19170194	+
16	3	19170196	+
1	3	19170198	+
4	3	19170199	+
1	3	19170201	+
39	3	19170202	+
1	3	19170204	+
6	3	19170205	+
12	3	19170208	+
5	3	19170211	+
1	3	19170212	+
3	3	19170220	+
26	3	19170223	+
3	3	19170229	+
1	3	19170235	+
3	3	19170238	+
4	3	19170244	+
15	3	19170247	+
9	3	19170250	+
4	3	19170346	+
3	3	19170347	+
13	3	19170349	+
2	3	19170353	+
1	3	19170354	+
3	3	19170355	+
4	3	19170358	+
13	3	19170361	+
18	3	19170364	+
2	3	19170367	+
4	3	19170373	+
1	3	19170392	+
1	3	19170394	+
1	3	19170396	+
20	3	19170397	+
6	3	19170400	+
4	3	19170403	+
4	3	19170409	+
1	3	19170410	+
1	3	19170412	+
1	3	19170415	+
6	3	19170430	+
2	3	19170433	+
1	3	19170439	+
5	3	19170442	+
2	3	19170445	+
2	3	19170457	+
2	3	19170458	+
2	3	19170460	+
8	3	19170463	+
10	3	19170464	+
2	3	19170465	+
4	3	19170466	+
1	3	19170467	+
1	3	19170471	+
3	3	19170472	+
1	3	19170475	+
2	3	19170594	+
4	3	19170600	+
7	3	19170603	+
1	3	19170606	+
2	3	19170621	+
3	3	19170636	+
5	3	19170639	+
1	3	19170641	+
2	3	19170642	+
2	3	19170644	+
2	3	19170645	+
7	3	19170648	+
15	3	19170651	+
2	3	19170652	+
5	3	19170654	+
1	3	19170656	+
30	3	19170657	+
6	3	19170660	+
12	3	19170663	+
6	3	19170666	+
6	3	19170669	+
12	3	19170678	+
2	3	19170680	+
19	3	19170681	+
13	3	19170684	+
1	3	19170685	+
2	3	19170686	+
8	3	19170687	+
19	3	19170689	+
27	3	19170690	+
21	3	19170693	+
1	3	19170696	+
2	3	19170698	+
1	3	19170699	+
5	3	19170702	+
2	3	19170705	+
1	3	19170706	+
15	3	19170708	+
10	3	19170711	+
1	3	19170713	+
3	3	19170714	+
1	3	19170720	+
2	3	19170726	+
8	3	19170729	+
18	3	19170735	+
9	3	19170738	+
5	3	19170741	+
1	3	19170742	+
2	3	19170743	+
4	3	19170744	+
1	3	19170745	+
6	3	19170750	+
1	3	19170756	+
2	3	19170762	+
2	3	19170764	+
4	3	19170768	+
1	3	19170771	+
1	3	19170774	+
1	3	19170780	+
1	3	19170782	+
26	3	19170786	+
4	3	19170789	+
18	3	19170792	+
2	3	19170795	+
4	3	19170798	+
4	3	19170799	+
13	3	19170801	+
18	3	19170804	+
6	3	19170807	+
10	3	19170810	+
2	3	19170813	+
1	3	19170817	+
3	3	19170819	+
12	3	19170822	+
3	3	19170825	+
1	3	19170827	+
6	3	19170828	+
14	3	19170834	+
1	3	19170837	+
5	3	19170840	+
1	3	19170842	+
2	3	19170843	+
2	3	19170844	+
2	3	19173654	-
1	3	19173666	-
2	3	19173674	-
1	3	19173675	-
1	3	19173681	-
1	3	19173705	-
3	3	19173724	-
5	3	19173873	-
2	3	19173918	-
1	3	19173945	-
2	3	19173950	-
2	3	19174041	-
1	3	19174146	-
1	3	19174165	-
1	3	19174176	-
2	3	19174242	-
1	3	19174266	-
1	3	19174341	-
1	3	19174359	-
1	3	19174592	-
1	3	19174610	-
1	3	19182511	+
1	3	19182514	+
1	3	19182526	+
1	3	19182565	+
2	3	19182583	+
4	3	19182658	+
1	3	19182691	+
2	3	19182748	+
2	3	19182760	+
1	3	19182772	+
1	3	19182784	+
2	3	19182787	+
1	3	19182800	+
1	3	19182844	+
1	3	19182980	+
1	3	19183025	+
1	3	19183067	+
1	3	19183073	+
3	3	19183100	+
2	3	19183101	+
1	3	19183136	+
3	3	19183154	+
2	3	19183169	+
3	3	19183196	+
2	3	19183214	+
2	3	19183217	+
1	3	19183220	+
1	3	19183247	+
1	3	19183253	+
1	3	19183262	+
1	3	19183271	+
1	3	19183316	+
1	3	19183340	+
1	3	19183361	+
2	3	19183388	+
2	3	19183436	+
1	3	19183489	+
1	3	19183497	-
1	3	19183547	+
1	3	19183550	+
1	3	19183553	+
1	3	19183574	+
1	3	19183577	+
1	3	19183604	+
5	3	19183637	+
1	3	19183640	+
1	3	19183646	+
3	3	19183664	+
2	3	19183688	+
1	3	19183697	+
1	3	19183700	+
2	3	19183784	+
3	3	19183792	+
1	3	19183793	+
1	3	19183808	+
1	3	19183810	+
1	3	19183817	+
2	3	19183835	+
1	3	19183868	+
1	3	19183890	+
1	3	19183891	+
1	3	19183912	+
1	3	19183913	+
1	3	19183925	+
4	3	19183958	+
4	3	19185076	+
2	3	19185119	+
2	3	19185122	+
1	3	19185128	+
2	3	19185164	+
3	3	19185170	+
2	3	19185173	+
4	3	19185179	+
1	3	19185187	+
6	3	19185188	+
2	3	19185191	+
1	3	19185194	+
2	3	19185221	+
14	3	19185251	+
2	3	19185252	+
2	3	19185254	+
3	3	19185255	+
14	3	19185436	+
2	3	19185439	+
1	3	19185440	+
24	3	19185442	+
4	3	19185445	+
3	3	19185463	+
1	3	19185464	+
2	3	19185475	+
1	3	19185481	+
2	3	19185487	+
4	3	19185490	+
6	3	19185493	+
6	3	19185517	+
6	3	19185523	+
1	3	19185526	+
1	3	19185535	+
1	3	19185538	+
2	3	19185544	+
1	3	19185549	+
6	3	19185553	+
2	3	19185556	+
5	3	19185559	+
4	3	19185562	+
13	3	19185565	+
3	3	19185568	+
1	3	19185574	+
1	3	19185583	+
6	3	19185592	+
4	3	19185598	+
12	3	19185601	+
1	3	19185604	+
1	3	19185606	+
5	3	19185607	+
2	3	19185610	+
1	3	19185613	+
1	3	19185616	+
4	3	19185619	+
1	3	19185622	+
1	3	19185633	+
10	3	19185634	+
1	3	19185637	+
6	3	19185640	+
6	3	19185643	+
3	3	19185646	+
6	3	19185649	+
9	3	19185655	+
2	3	19185657	+
2	3	19185658	+
1	3	19185660	+
2	3	19185661	+
3	3	19185664	+
2	3	19185667	+
1	3	19185676	+
1	3	19185679	+
3	3	19185685	+
3	3	19185687	+
7	3	19185688	+
2	3	19185691	+
6	3	19185697	+
5	3	19185700	+
3	3	19185721	+
1	3	19185724	+
3	3	19185727	+
1	3	19185729	+
1	3	19185733	+
1	3	19185738	+
8	3	19185739	+
15	3	19185742	+
2	3	19185745	+
1	3	19185748	+
1	3	19185753	+
1	3	19185754	+
2	3	19185763	+
3	3	19185769	+
4	3	19185772	+
3	3	19185773	+
1	3	19185774	+
7	3	19185775	+
2	3	19185777	+
17	3	19185778	+
11	3	19185784	+
6	3	19185787	+
11	3	19185790	+
12	3	19185793	+
1	3	19185794	+
2	3	19185795	+
1	3	19185796	+
1	3	19185805	+
2	3	19185806	+
15	3	19185808	+
4	3	19185811	+
1	3	19185814	+
1	3	19185817	+
1	3	19185820	+
1	3	19185826	+
1	3	19185844	+
1	3	19185847	+
1	3	19185850	+
1	3	19185851	+
3	3	19185856	+
2	3	19185862	+
1	3	19185865	+
4	3	19185871	+
3	3	19185874	+
2	3	19185880	+
1	3	19185883	+
1	3	19185892	+
9	3	19185895	+
2	3	19185901	+
5	3	19185907	+
2	3	19185913	+
1	3	19185916	+
1	3	19185919	+
1	3	19185920	+
4	3	19185922	+
6	3	19185925	+
3	3	19185926	+
2	3	19185932	+
2	3	19185952	+
6	3	19185958	+
1	3	19185973	+
1	3	19185985	+
3	3	19186030	+
8	3	19186036	+
6	3	19186039	+
4	3	19186042	+
6	3	19186045	+
15	3	19186048	+
1	3	19186050	+
3	3	19186051	+
4	3	19186054	+
1	3	19186056	+
3	3	19186057	+
4	3	19186060	+
2	3	19186062	+
4	3	19186063	+
2	3	19186066	+
1	3	19186069	+
1	3	19186072	+
4	3	19186099	+
1	3	19186138	+
1	3	19186156	+
8	3	19186159	+
1	3	19186165	+
1	3	19186166	+
2	3	19186168	+
10	3	19186171	+
2	3	19186174	+
5	3	19186177	+
13	3	19186180	+
2	3	19186187	+
5	3	19186192	+
3	3	19186198	+
2	3	19186201	+
2	3	19186204	+
5	3	19186207	+
2	3	19186210	+
8	3	19186213	+
3	3	19186219	+
1	3	19186220	+
2	3	19186221	+
5	3	19186222	+
5	3	19186225	+
1	3	19186246	+
5	3	19186255	+
2	3	19186264	+
3	3	19186267	+
2	3	19186273	+
3	3	19186279	+
1	3	19186282	+
2	3	19186285	+
1	3	19186288	+
1	3	19186290	+
2	3	19186291	+
1	3	19186292	+
2	3	19186297	+
1	3	19186300	+
1	3	19186306	+
8	3	19186330	+
1	3	19186332	+
2	3	19186357	+
1	3	19186375	+
1	3	19186376	+
2	3	19186378	+
1	3	19186381	+
4	3	19186384	+
2	3	19186387	+
1	3	19186429	+
3	3	19186438	+
1	3	19186440	+
4	3	19186441	+
1	3	19186447	+
1	3	19186450	+
8	3	19186453	+
1	3	19186455	+
1	3	19186456	+
4	3	19186459	+
1	3	19186462	+
4	3	19186465	+
4	3	19186468	+
3	3	19186471	+
2	3	19186474	+
2	3	19186479	+
2	3	19186480	+
4	3	19186482	+
2	3	19186486	+
1	3	19186488	+
3	3	19186492	+
1	3	19186493	+
7	3	19186495	+
2	3	19186498	+
6	3	19186507	+
1	3	19186510	+
2	3	19186513	+
4	3	19186514	+
2	3	19186788	+
1	3	19186800	+
2	3	19186814	+
1	3	19186827	+
8	3	19186847	+
4	3	19186852	+
5	3	19186970	+
1	3	19186973	+
1	3	19186975	+
3	3	19186976	+
47	3	19186979	+
28	3	19186982	+
1	3	19186983	+
3	3	19186985	+
2	3	19186987	+
5	3	19186988	+
1	3	19186990	+
21	3	19186991	+
2	3	19186992	+
9	3	19186994	+
1	3	19187004	+
2	3	19187006	+
3	3	19187009	+
1	3	19187010	+
1	3	19187013	+
1	3	19187014	+
51	3	19187015	+
4	3	19187018	+
10	3	19187021	+
2	3	19187022	+
5	3	19187027	+
1	3	19187029	+
23	3	19187030	+
5	3	19187033	+
3	3	19187036	+
18	3	19187039	+
8	3	19187042	+
1	3	19187043	+
1	3	19187044	+
22	3	19187045	+
1	3	19187046	+
6	3	19187048	+
20	3	19187051	+
1	3	19187053	+
11	3	19187054	+
1	3	19187055	+
1	3	19187056	+
28	3	19187057	+
18	3	19187060	+
44	3	19187293	+
7	3	19187296	+
1	3	19187297	+
5	3	19187299	+
2	3	19187300	+
1	3	19187301	+
94	3	19187302	+
2	3	19187303	+
2	3	19187304	+
57	3	19187305	+
2	3	19187308	+
1	3	19187310	+
7	3	19187311	+
10	3	19187312	+
173	3	19187314	+
1	3	19187315	+
2	3	19187316	+
18	3	19187317	+
1	3	19187318	+
1	3	19187319	+
53	3	19187320	+
3	3	19187321	+
60	3	19187323	+
13	3	19187326	+
1	3	19187327	+
15	3	19187335	+
12	3	19187338	+
24	3	19187341	+
1	3	19187344	+
3	3	19187345	+
17	3	19187347	+
64	3	19187350	+
8	3	19187353	+
23	3	19187356	+
1	3	19187362	+
3	3	19187363	+
1	3	19187364	+
6	3	19187365	+
11	3	19187368	+
2	3	19187370	+
30	3	19187371	+
1	3	19187372	+
3	3	19187374	+
1	3	19187376	+
2	3	19187377	+
5	3	19187378	+
3	3	19187379	+
71	3	19187380	+
3	3	19187381	+
1	3	19187382	+
3	3	19187383	+
10	3	19187398	+
3	3	19187401	+
1	3	19187404	+
1	3	19187405	+
4	3	19187407	+
3	3	19187408	+
49	3	19187410	+
5	3	19187413	+
2	3	19187414	+
22	3	19187416	+
14	3	19187419	+
2	3	19187430	+
2	3	19187431	+
10	3	19187437	+
4	3	19187438	+
3	3	19187556	+
4	3	19187559	+
3	3	19187562	+
3	3	19187565	+
8	3	19187568	+
2	3	19187571	+
2	3	19187575	+
66	3	19187577	+
2	3	19187578	+
1	3	19187579	+
14	3	19187580	+
1	3	19187581	+
2	3	19187583	+
1	3	19187584	+
5	3	19187586	+
2	3	19187587	+
3	3	19187588	+
2	3	19187589	+
5	3	19187592	+
15	3	19187595	+
1	3	19187597	+
3	3	19187598	+
13	3	19187601	+
1	3	19187602	+
3	3	19187604	+
2	3	19187606	+
5	3	19187607	+
1	3	19187609	+
17	3	19187610	+
2	3	19187611	+
3	3	19187612	+
15	3	19187613	+
9	3	19187614	+
3	3	19187615	+
31	3	19187616	+
5	3	19187619	+
8	3	19187622	+
1	3	19187623	+
10	3	19187625	+
4	3	19187628	+
1	3	19187630	+
5	3	19187631	+
1	3	19187632	+
2	3	19187633	+
49	3	19187634	+
2	3	19187635	+
4	3	19187636	+
31	3	19187637	+
1	3	19187638	+
63	3	19187640	+
1	3	19187642	+
1	3	19187646	+
1	3	19187647	+
2	3	19187649	+
2	3	19187651	+
6	3	19187652	+
2	3	19187654	+
12	3	19187655	+
1	3	19187657	+
34	3	19187658	+
1	3	19187660	+
60	3	19187661	+
2	3	19187664	+
4	3	19187667	+
3	3	19187670	+
1	3	19187673	+
3	3	19187674	+
2	3	19187675	+
84	3	19187676	+
15	3	19187677	+
13	3	19187679	+
1	3	19187691	+
6	3	19187694	+
26	3	19187697	+
36	3	19187700	+
2	3	19187703	+
11	3	19187706	+
1	3	19187708	+
24	3	19187709	+
1	3	19187710	+
18	3	19187712	+
15	3	19187715	+
64	3	19187718	+
2	3	19187719	+
8	3	19187721	+
19	3	19187724	+
24	3	19187727	+
10	3	19187730	+
28	3	19187733	+
3	3	19187736	+
23	3	19187739	+
3	3	19187741	+
5	3	19187742	+
4	3	19187745	+
2	3	19187747	+
5	3	19187748	+
1	3	19187749	+
1	3	19187750	+
61	3	19187751	+
1	3	19187752	+
19	3	19188057	+
1	3	19188058	+
5	3	19188059	+
2	3	19188060	+
3	3	19188063	+
2	3	19188065	+
19	3	19188066	+
2	3	19188067	+
134	3	19188069	+
3	3	19188070	+
11	3	19188071	+
37	3	19188072	+
1	3	19188074	+
5	3	19188075	+
28	3	19188078	+
1	3	19188080	+
22	3	19188081	+
2	3	19188083	+
2	3	19188084	+
16	3	19188087	+
32	3	19188090	+
4	3	19188091	+
47	3	19188093	+
6	3	19188094	+
7	3	19188096	+
1	3	19188098	+
12	3	19188099	+
2	3	19188101	+
53	3	19188102	+
19	3	19188103	+
1	3	19188104	+
38	3	19188105	+
1	3	19188107	+
32	3	19188108	+
4	3	19188110	+
82	3	19188111	+
2	3	19188112	+
5	3	19188113	+
49	3	19188114	+
1	3	19188117	+
3	3	19188123	+
5	3	19188293	+
5	3	19188296	+
15	3	19188299	+
90	3	19188302	+
3	3	19188303	+
11	3	19188304	+
33	3	19188305	+
3	3	19188307	+
23	3	19188308	+
1	3	19188311	+
1	3	19188313	+
33	3	19188314	+
2	3	19188315	+
9	3	19188317	+
1	3	19188319	+
5	3	19188320	+
1	3	19188321	+
2	3	19188322	+
89	3	19188323	+
1	3	19188324	+
3	3	19188325	+
15	3	19188326	+
4	3	19188329	+
1	3	19188332	+
1	3	19188333	+
3	3	19188334	+
16	3	19188335	+
5	3	19188338	+
15	3	19188341	+
10	3	19188344	+
9	3	19188347	+
25	3	19188350	+
1	3	19188352	+
39	3	19188353	+
7	3	19188354	+
20	3	19188356	+
50	3	19188362	+
1	3	19188363	+
2	3	19188364	+
38	3	19188365	+
1	3	19188366	+
29	3	19188368	+
15	3	19188371	+
3	3	19188372	+
3	3	19188373	+
30	3	19188374	+
3	3	19188377	+
1	3	19188380	+
20	3	19188386	+
1	3	19188387	+
1	3	19188389	+
1	3	19188394	+
3	3	19188395	+
10	3	19188397	+
29	3	19188398	+
18	3	19188401	+
2	3	19188404	+
18	3	19188407	+
4	3	19188409	+
36	3	19188410	+
4	3	19188416	+
3	3	19188428	+
13	3	19188431	+
17	3	19188432	+
1	3	19188433	+
1	3	19188437	+
1	3	19188449	+
2	3	19189254	+
2	3	19189293	+
1	3	19189297	+
1	3	19189307	+
2	3	19189308	+
3	3	19189311	+
1	3	19189314	+
1	3	19189338	+
2	3	19189342	+
1	3	19189422	+
1	3	19189428	+
2	3	19189431	+
1	3	19189437	+
1	3	19189440	+
2	3	19189452	+
1	3	19189455	+
1	3	19189457	+
3	3	19189458	+
1	3	19189515	+
2	3	19189520	+
3	3	19189542	+
1	3	19189575	+
1	3	19189578	+
4	3	19189584	+
2	3	19189586	+
2	3	19189587	+
3	3	19189590	+
2	3	19189596	+
2	3	19189599	+
1	3	19189601	+
1	3	19189611	+
1	3	19189629	+
3	3	19189632	+
1	3	19189653	+
1	3	19189698	+
1	3	19189749	+
1	3	19189758	+
1	3	19189767	+
5	3	19189770	+
8	3	19189773	+
3	3	19189782	+
2	3	19189816	+
1	3	19189836	+
1	3	19189842	+
1	3	19189845	+
2	3	19189866	+
1	3	19189868	+
1	3	19189896	+
2	3	19189902	+
1	3	19189931	+
1	3	19189932	+
3	3	19189944	+
1	3	19189947	+
1	3	19189968	+
1	3	19189969	+
4	3	19189974	+
1	3	19189977	+
1	3	19189983	+
3	3	19190019	+
2	3	19190025	+
4	3	19190028	+
1	3	19190031	+
2	3	19190032	+
1	3	19190034	+
2	3	19190046	+
1	3	19190052	+
3	3	19190070	+
1	3	19190073	+
14	3	19190082	+
1	3	19190124	+
1	3	19190127	+
1	3	19190133	+
1	3	19190134	+
1	3	19190137	+
1	3	19190145	+
2	3	19190148	+
1	3	19190151	+
3	3	19190152	+
5	3	19190181	+
2	3	19190184	+
1	3	19190191	+
1	3	19190193	+
2	3	19190200	+
1	3	19190214	+
1	3	19190217	+
3	3	19190220	+
2	3	19190226	+
1	3	19190250	+
4	3	19190253	+
1	3	19190256	+
1	3	19190259	+
2	3	19190262	+
1	3	19190268	+
1	3	19190271	+
3	3	19190277	+
1	3	19190280	+
1	3	19190286	+
2	3	19190295	+
3	3	19190313	+
6	3	19190328	+
3	3	19190334	+
1	3	19190340	+
1	3	19190346	+
2	3	19190352	+
1	3	19190358	+
1	3	19190370	+
2	3	19190377	+
2	3	19190382	+
1	3	19190391	+
1	3	19190412	+
1	3	19190433	+
1	3	19190451	+
1	3	19190463	+
1	3	19190508	+
1	3	19190532	+
1	3	19190571	+
2	3	19190604	+
9	3	19190607	+
2	3	19190610	+
9	3	19190613	+
1	3	19190616	+
1	3	19190622	+
1	3	19190625	+
1	3	19190626	+
1	3	19190628	+
2	3	19190637	+
1	3	19190679	+
1	3	19190694	+
1	3	19190700	+
1	3	19190709	+
2	3	19190713	+
2	3	19190738	+
3	3	19190751	+
1	3	19190772	+
1	3	19190805	+
1	3	19190817	+
1	3	19190819	+
2	3	19190829	+
3	3	19190832	+
3	3	19190835	+
1	3	19190841	+
9	3	19190844	+
2	3	19190850	+
2	3	19190856	+
1	3	19190862	+
1	3	19190865	+
1	3	19190901	+
7	3	19190907	+
2	3	19190908	+
3	3	19190910	+
3	3	19190913	+
2	3	19190922	+
4	3	19190928	+
1	3	19190937	+
1	3	19190958	+
1	3	19190964	+
1	3	19190982	+
1	3	19190988	+
1	3	19190991	+
1	3	19190997	+
5	3	19191000	+
1	3	19191003	+
2	3	19191006	+
1	3	19191021	+
6	3	19191045	+
2	3	19191051	+
2	3	19191054	+
3	3	19191078	+
2	3	19191081	+
3	3	19191087	+
6	3	19191102	+
1	3	19191105	+
2	3	19191114	+
1	3	19191207	+
1	3	19191224	+
8	3	19191225	+
3	3	19191228	+
3	3	19191234	+
2	3	19191237	+
1	3	19191258	+
2	3	19191261	+
1	3	19191273	+
3	3	19191276	+
2	3	19191279	+
1	3	19191285	+
1	3	19191287	+
2	3	19191312	+
9	3	19191324	+
1	3	19191327	+
2	3	19191336	+
2	3	19191339	+
1	3	19191345	+
1	3	19191357	+
1	3	19191369	+
1	3	19191387	+
2	3	19191396	+
2	3	19191402	+
1	3	19191414	+
2	3	19191417	+
1	3	19191420	+
3	3	19191447	+
3	3	19191453	+
1	3	19191459	+
5	3	19191462	+
3	3	19191471	+
2	3	19191507	+
2	3	19191508	+
2	3	19191509	+
3	3	19191525	+
2	3	19191528	+
2	3	19191534	+
1	3	19191537	+
8	3	19191540	+
1	3	19191554	+
3	3	19191558	+
3	3	19191573	+
2	3	19191588	+
1	3	19191591	+
1	3	19191597	+
2	3	19191606	+
1	3	19191612	+
2	3	19191615	+
1	3	19191617	+
1	3	19191624	+
1	3	19191636	+
1	3	19191637	+
2	3	19191688	-
2	3	19191689	-
3	3	19191690	+
2	3	19191732	+
5	3	19191753	+
1	3	19191771	+
1	3	19191774	+
1	3	19191783	+
2	3	19191786	+
4	3	19191789	+
1	3	19191792	+
2	3	19196710	-
11	3	19196711	-
3	3	19196712	-
2	3	19196714	-
1	3	19196720	-
1	3	19196732	-
2	3	19196735	-
1	3	19196738	-
1	3	19196743	-
2	3	19196744	-
8	3	19196747	-
4	3	19196750	-
1	3	19196753	-
1	3	19196756	-
3	3	19196759	-
2	3	19196762	-
1	3	19197034	-
1	3	19197043	-
1	3	19197054	-
2	3	19197061	-
1	3	19197067	-
5	3	19197070	-
3	3	19197073	-
1	3	19197076	-
1	3	19197102	-
3	3	19197103	-
12	3	19197109	-
2	3	19197115	-
1	3	19197118	-
1	3	19197126	-
1	3	19197127	-
1	3	19197133	-
1	3	19197139	-
1	3	19197142	-
2	3	19197151	-
4	3	19197157	-
2	3	19197160	-
1	3	19197172	-
4	3	19197175	-
6	3	19197181	-
1	3	19197186	-
1	3	19197233	-
3	3	19197235	-
3	3	19197244	-
6	3	19197247	-
2	3	19197248	-
1	3	19197250	-
1	3	19197256	-
3	3	19197258	-
2	3	19197259	-
2	3	19197267	-
2	3	19197271	-
1	3	19197274	-
2	3	19197277	-
1	3	19197279	-
2	3	19197282	-
5	3	19197283	-
10	3	19197286	-
2	3	19197288	-
2	3	19197291	-
1	3	19197297	-
12	3	19197298	-
1	3	19197300	-
7	3	19197301	-
1	3	19197303	-
1	3	19197307	-
1	3	19197315	-
1	3	19197339	-
1	3	19197823	+
8	3	19197825	+
13	3	19198206	+
38	3	19198207	+
71	3	19198208	+
170	3	19198209	+
151	3	19198210	+
192	3	19198211	+
139	3	19198212	+
91	3	19198213	+
1	3	19198545	-
1	3	19198675	-
1	3	19198678	-
2	3	19198687	-
5	3	19198705	-
1	3	19198765	-
1	3	19198792	-
1	3	19198798	-
1	3	19198801	-
1	3	19198849	-
1	3	19198903	-
4	3	19198936	-
3	3	19198960	-
1	3	19198969	-
1	3	19198971	-
3	3	19198996	-
1	3	19199012	-
1	3	19199038	-
1	3	19199040	-
1	3	19199044	-
2	3	19199068	-
1	3	19199174	-
2	3	19199178	-
1	3	19199222	-
1	3	19199306	-
1	3	19199315	-
1	3	19199330	-
3	3	19199333	-
1	3	19199342	-
1	3	19199351	-
2	3	19199354	-
1	3	19199405	-
